NA
NA
444795
6623
172198
6461
5462328
443495
23973
157920
54679073
712
NA
11970143
9554
23973
15979
712
1606
NA
3136
444795
24341
NA
NA
56962336
6371
6623
NA
10635
15625
42611257
6575
444637
3651377
5957
NA
5281915
443495
4296
NA
24947
6623
6575
6575
24643
712
11192
5497152
11970143
NA
5311101
5282349
6575
NA
9554
54670067
24341
444795
34359
16720766
41322
6579
5283344
444795
6371
14814
7305
5462328
15625
16129675
712
5283344
444795
9855235
5753
NA
5283344
6575
5462328
6575
5283344
NA
3385
NA
NA
41322
40326
5282181
NA
NA
449459
56962336
20393
5282181
16720766
42611257
NA
3385
6623
443495
23973
712
37034
NA
444795
31254
444795
5281404
15979
6623
54670067
23973
5281915
14985
NA
449459
6575
10635
9554
8800
1606
5493381
24341
NA
36709
5839
NA
172198
15625
NA
6623
6623
NA
935
24643
NA
444795
72474
261000
444795
5280445
23973
5957
NA
269722
31401
104926
5462328
NA
24385
24341
5379
23507698
712
NA
9909912
NA
24385
443495
3385
712
444795
6623
5462328
NA
78260
15625
5281915
NA
24180719
NA
24341
24947
6579
6579
NA
712
20393
NA
23674889
6197
NA
24947
NA
60063
14985
27924
6575
4171
23973
14814
40326
712
4115
NA
24341
6623
71227201
7305
9554
NA
24180719
7305
6371
NA
94426
NA
NA
5283344
NA
NA
14814
8800
NA
6326668
20393
15625
NA
40585
95170
712
24947
6623
42611257
95170
5281915
159325
5311272
712
935
78260
1401
457193
443495
NA
15625
NA
8800
NA
6623
NA
4171
5355255
5354495
712
42611257
446378
NA
NA
23507698
NA
14969
3385
5359596
712
6326668
NA
6575
NA
7305
NA
176158
8800
3385
7833
11970143
5281915
5282181
16720766
132971
7305
NA
712
62959
137
5957
NA
NA
5497152
712
7305
6371
NA
3385
71227201
25408
439924
75994
7305
712
23976
6623
37034
5351307
36187
5281915
62959
261000
24341
5957
NA
14814
7305
9554
NA
NA
11970143
7305
NA
6326668
24643
24341
11970143
11970143
11970143
70695641
68296
9554
11970143
NA
24341
6575
935
40326
42611257
NA
9806190
6326668
NA
36187
4075
39793
159325
23662274
95170
2764
NA
42611257
41322
6575
25408
NA
15625
23931
6623
40585
16720766
NA
149096
6326668
NA
NA
439924
6623
2730
5359596
6623
444732
62959
439924
24643
16720766
16129675
172198
NA
177368
5497152
56962336
15979
6371
NA
24341
16129675
5281915
439924
NA
40585
NA
NA
20393
444795
14969
NA
NA
24341
90470904
5462328
443495
NA
42611257
NA
NA
6575
NA
6575
3651377
9554
14969
14969
15979
6371
4057
NA
9855235
11192
5462328
NA
14969
5283344
6326668
8800
14814
6575
24947
NA
5493381
444795
14978
11080
10787
935
NA
37034
15979
6371
39793
11970143
NA
NA
57469
443495
907426
9812534
NA
33613
11970143
3658
497668
NA
1606
NA
NA
NA
24341
6575
24385
33613
33613
NA
11970143
6575
712
15625
37034
20393
24180719
14969
6371
9554
NA
42611257
5281915
5462328
NA
36187
42611257
24341
172198
6124
