NA
NA
NA
NA
NA
NA
NA
NA
3045227
NA
NA
NA
32798
5353454
9918908
107810
9954082
9851211
NA
NA
132837
NA
NA
NA
NA
NA
NA
NA
NA
NA
5288600
NA
NA
5284373
NA
NA
6604822
6604936
NA
NA
NA
NA
NA
NA
438981
NA
NA
NA
3854666
NA
9874838
NA
NA
NA
NA
2733504
NA
NA
NA
NA
NA
11292680
5081913
NA
NA
NA
107967
NA
NA
NA
NA
9953769
NA
128918
NA
NA
11784736
NA
NA
60943
NA
25181195
104895
NA
NA
NA
NA
NA
NA
24721411
NA
NA
107810
NA
NA
132837
NA
NA
NA
NA
NA
NA
NA
NA
NA
5288600
NA
NA
NA
NA
9549298
NA
NA
NA
NA
NA
NA
NA
NA
NA
3854666
NA
NA
NA
NA
NA
11292680
5081913
NA
NA
176408
NA
NA
NA
NA
11784736
25181195
NA
NA
NA
NA
NA
NA
NA
NA
NA
32798
9918908
9954082
NA
NA
NA
NA
NA
NA
NA
668079
NA
NA
5288600
NA
NA
NA
NA
NA
NA
6604822
NA
NA
NA
NA
3360287
NA
3854666
9874838
NA
9867770
NA
2733504
NA
11595431
NA
11292680
5081913
285033
NA
NA
NA
176408
NA
NA
NA
NA
NA
NA
9953769
NA
NA
11784736
NA
NA
NA
25181195
NA
NA
NA
24721411
NA
NA
NA
9851211
NA
NA
NA
NA
NA
9549298
NA
NA
NA
NA
NA
NA
11292680
5081913
NA
NA
NA
NA
NA
25181195
104895
NA
NA
NA
NA
NA
6917680
NA
NA
NA
NA
NA
NA
32798
5353454
9918908
107810
9954082
9851211
NA
NA
NA
132837
NA
NA
NA
NA
NA
5288600
NA
NA
NA
5284373
NA
9549298
NA
6604822
NA
NA
NA
NA
438981
NA
3854666
9874838
NA
5497124
9867770
NA
2733504
NA
11292680
5081913
NA
NA
176408
NA
NA
NA
9953769
NA
11784736
60943
25181195
NA
NA
NA
NA
NA
NA
NA
24721411
NA
NA
NA
132837
NA
NA
NA
NA
NA
NA
NA
5284373
9549298
NA
NA
NA
NA
NA
NA
NA
NA
438981
NA
NA
NA
NA
NA
NA
NA
NA
11292680
5081913
NA
NA
176408
NA
107967
NA
NA
NA
NA
9953769
NA
NA
25181195
NA
NA
NA
NA
NA
NA
NA
NA
NA
5353454
9954082
NA
NA
NA
NA
65863
NA
NA
NA
NA
NA
NA
761523
5288600
NA
NA
NA
9549298
NA
NA
NA
NA
3854666
9874838
NA
NA
11213569
11292680
121918
5081913
4712
5311257
NA
107967
1356208
NA
NA
NA
NA
60943
25181195
NA
NA
3970
NA
NA
6917680
NA
NA
NA
24721411
NA
NA
NA
NA
NA
11368
9918908
NA
132837
NA
NA
NA
NA
NA
NA
NA
NA
NA
NA
NA
5284373
NA
9549298
NA
NA
6604936
NA
NA
NA
NA
NA
6603897
NA
NA
NA
NA
NA
11292680
119549
5081913
NA
NA
NA
NA
NA
NA
NA
176408
NA
NA
NA
NA
128918
NA
NA
11784736
NA
NA
25181195
NA
NA
NA
11683
5270
60837
NA
NA
NA
NA
NA
NA
NA
3803
447912
NA
NA
NA
NA
NA
NA
NA
16759160
NA
5321461
9801969
NA
1400
NA
9555764
5353940
NA
6450842
NA
NA
4521392
NA
NA
NA
163751
NA
NA
NA
NA
5702295
NA
NA
9826308
NA
441358
NA
NA
NA
NA
11957594
NA
NA
121918
NA
NA
NA
NA
NA
5388992
9865387
6604931
NA
NA
NA
2438
3803
3971
447912
2777391
NA
NA
NA
9801969
3371
1400
NA
NA
6450842
NA
4713
NA
NA
441358
4044
NA
4878
NA
6304902
NA
NA
NA
11683
5270
5284373
NA
5464092
5388992
NA
8515
9943465
6604931
60837
NA
NA
NA
NA
2438
6450842
NA
NA
6711154
NA
NA
4355450
NA
NA
NA
NA
10223146
1400
NA
2052
NA
NA
NA
NA
5353940
NA
NA
NA
NA
4521392
NA
NA
NA
NA
5174
5702295
NA
441358
4044
4878
NA
444034
NA
5166
NA
NA
NA
NA
5388992
9943465
6604931
NA
2802894
NA
NA
NA
1400
NA
NA
NA
NA
NA
5702295
441358
4878
NA
NA
NA
NA
5284373
NA
5388992
NA
NA
9865387
6604931
NA
NA
6084
NA
NA
753704
3803
3971
NA
2777391
NA
121926
NA
NA
NA
6603901
9801969
3371
1400
NA
NA
4331799
4521392
NA
NA
NA
NA
9934458
NA
9826308
NA
NA
4878
NA
NA
NA
NA
NA
5284373
6604931
NA
NA
NA
NA
NA
NA
NA
NA
NA
NA
5284373
NA
5388992
NA
NA
6604931
60837
NA
6084
NA
NA
NA
NA
4355450
NA
NA
10223146
3371
NA
NA
1400
24868317
NA
5353940
NA
NA
NA
NA
NA
NA
NA
441358
NA
4878
NA
NA
NA
43091
NA
NA
11683
671690
8515
5918
6604931
6084
NA
NA
753704
3803
NA
10223146
1400
NA
NA
NA
NA
NA
NA
NA
NA
NA
441358
NA
5166
NA
NA
NA
NA
NA
65495
102426
NA
54602908
NA
6419753
NA
19103
443389
NA
NA
NA
NA
NA
NA
NA
NA
NA
9830392
393595
NA
5282493
6604926
2733525
NA
197066
107935
5327091
NA
9549305
262093
NA
2019
NA
9872438
NA
4210951
NA
NA
NA
NA
NA
6450522
NA
6605258
NA
65495
NA
NA
1464
NA
NA
NA
NA
NA
443311
9830392
NA
NA
5327091
NA
9872438
NA
NA
NA
NA
NA
NA
NA
NA
NA
NA
6605258
68589
NA
31728
5388992
NA
102426
NA
NA
4350931
54602908
5311371
NA
6419753
NA
19103
NA
NA
NA
443311
9830392
393595
NA
5282493
NA
NA
5329098
5327091
NA
9549305
2019
5384136
NA
9872438
NA
4210951
NA
NA
5281078
10461815
NA
NA
1464
443311
NA
6605258
68589
NA
5388992
NA
65495
446738
102426
NA
NA
54602908
23725
447966
10410894
NA
5311371
1464
NA
NA
NA
NA
19103
NA
5311339
NA
NA
NA
NA
NA
NA
443311
9830392
NA
63013
NA
NA
5388961
NA
107935
NA
5327091
5024764
9549305
262093
NA
2019
NA
9872438
4210951
NA
NA
5281078
10461815
NA
6605258
5388992
NA
16760373
NA
NA
5311371
1464
NA
NA
NA
NA
19103
NA
5311339
NA
NA
NA
443311
9830392
NA
10668061
NA
NA
262093
5384136
9872438
NA
NA
NA
NA
NA
NA
NA
31728
NA
102426
NA
NA
NA
19103
NA
NA
NA
NA
NA
NA
NA
443311
9830392
NA
NA
NA
10668061
NA
667594
NA
5327091
NA
NA
NA
5281078
NA
NA
NA
NA
1464
NA
5311339
NA
NA
443311
NA
NA
5384136
9872438
NA
447446
NA
5284613
15560557
NA
NA
NA
379077
NA
NA
446541
NA
2064
11644425
NA
NA
NA
NA
NA
9929138
13018150
447446
NA
NA
NA
NA
32798
5284613
NA
NA
15560557
NA
NA
4417
NA
NA
NA
NA
NA
NA
NA
108028
379077
NA
NA
NA
5353919
18721
NA
NA
NA
NA
NA
NA
NA
NA
NA
NA
2064
62878
NA
131632337
NA
11644425
680502
NA
NA
NA
NA
NA
NA
NA
NA
NA
5311432
NA
NA
NA
NA
NA
46782916
5282455
NA
NA
9929138
13018150
447446
NA
NA
NA
5284613
NA
NA
15560557
NA
NA
NA
65335
379077
NA
NA
NA
NA
18721
NA
NA
NA
NA
NA
NA
NA
2064
NA
62878
NA
11644425
NA
119376
NA
NA
NA
NA
NA
NA
NA
NA
NA
NA
46782916
NA
NA
9929138
13018150
447446
45357841
NA
NA
32798
5284613
NA
NA
NA
15560557
NA
NA
6135
NA
NA
4417
NA
NA
NA
NA
NA
NA
NA
NA
108028
379077
NA
5353919
NA
NA
NA
NA
657348
3001055
446541
NA
NA
NA
2064
62878
NA
5312129
NA
680502
NA
NA
NA
NA
NA
NA
NA
NA
NA
NA
9893571
NA
5311432
NA
NA
NA
NA
NA
NA
77997
46782916
5282455
NA
NA
9929138
13018150
447446
NA
32798
NA
15560557
NA
NA
NA
NA
NA
NA
NA
NA
108028
NA
379077
NA
NA
NA
19529
NA
NA
NA
NA
NA
NA
62878
NA
5312129
11644425
NA
NA
NA
NA
46782916
NA
9929138
NA
447446
45357841
NA
NA
5284613
NA
NA
NA
379077
NA
NA
NA
NA
NA
NA
2064
62878
NA
5312129
11644425
680502
NA
NA
NA
NA
NA
NA
5311432
46782916
NA
NA
NA
9929138
447446
6518171
NA
NA
NA
5284613
15560557
NA
6135
NA
NA
379077
NA
NA
NA
NA
NA
NA
NA
446541
NA
62878
NA
NA
NA
NA
NA
46782916
NA
NA
9929138
NA
447446
6518171
NA
NA
NA
5284613
15560557
NA
NA
NA
379077
NA
NA
NA
NA
5353919
NA
NA
NA
NA
NA
446541
NA
2064
62878
NA
5312129
680502
NA
NA
NA
5311432
NA
NA
NA
NA
9929138
447446
6518171
NA
5284613
15560557
NA
6135
NA
NA
NA
NA
NA
NA
379077
NA
NA
NA
NA
NA
NA
446541
NA
NA
2064
62878
NA
NA
NA
NA
NA
NA
NA
9893571
5311432
46782916
5282455
NA
NA
447446
6518171
NA
NA
5284613
15560557
NA
NA
NA
NA
9829836
NA
379077
NA
NA
NA
1103147
NA
19529
18721
NA
NA
NA
NA
NA
NA
2064
62878
NA
11644425
680502
NA
NA
NA
NA
5311432
46782916
NA
NA
NA
3392731
9929138
NA
9324
447446
NA
NA
NA
NA
32798
NA
NA
11872820
15560557
NA
6135
NA
NA
NA
NA
NA
NA
NA
9829836
NA
108028
379077
NA
NA
NA
NA
NA
NA
NA
NA
NA
NA
446541
NA
2064
62878
NA
5312129
131632337
NA
11644425
NA
680502
NA
65341
NA
NA
NA
NA
NA
NA
5311432
NA
NA
NA
NA
NA
NA
62853
46782916
NA
NA
9929138
NA
9324
447446
NA
NA
NA
NA
5284613
11872820
15560557
NA
NA
NA
91725
NA
9829836
NA
108028
NA
379077
NA
NA
NA
NA
NA
NA
NA
NA
NA
2064
62878
NA
131632337
NA
11644425
680502
NA
NA
NA
NA
NA
NA
NA
5311432
NA
NA
NA
46782916
NA
NA
NA
9929138
NA
NA
NA
NA
NA
NA
NA
NA
6604934
41114
NA
6216
NA
NA
NA
1268111
444034
NA
NA
NA
441236
NA
5353454
6610318
NA
6917803
5744
NA
NA
NA
6215
NA
6436
108173
NA
NA
NA
10434468
NA
NA
5478883
5311276
NA
NA
NA
197810
5924208
71203
NA
5497136
NA
NA
11317348
NA
3074
4707
2690
NA
NA
NA
6851947
4302960
NA
31728
NA
11382492
NA
NA
4302962
NA
53230011
20056967
NA
NA
NA
127861
66064
NA
NA
NA
NA
NA
NA
11368
NA
6604934
6216
NA
NA
1268111
NA
NA
NA
NA
NA
441236
NA
NA
NA
6610318
NA
11689583
NA
NA
NA
NA
NA
6215
NA
NA
NA
NA
NA
5280450
NA
NA
NA
NA
NA
NA
NA
NA
NA
11317348
4707
NA
NA
4987
6851947
NA
NA
65854
9885087
NA
NA
NA
NA
127861
NA
NA
NA
NA
NA
NA
6604934
6216
NA
NA
444034
NA
NA
NA
NA
441236
NA
NA
NA
5744
11689583
NA
NA
6215
NA
NA
NA
6436
108173
NA
NA
5478883
5311276
11683
NA
NA
NA
197810
NA
11317348
3074
NA
NA
4987
6851947
NA
11382492
NA
NA
NA
NA
NA
NA
NA
NA
NA
11368
NA
NA
6216
NA
854023
444034
NA
NA
NA
NA
NA
NA
5744
NA
NA
NA
NA
409805
NA
NA
6436
NA
NA
NA
NA
5478883
107992
NA
NA
NA
NA
NA
NA
11317348
NA
3074
4707
NA
NA
NA
4987
6851947
4336830
NA
11688990
NA
NA
53230011
NA
NA
127861
66064
NA
NA
NA
NA
441236
NA
NA
5353454
6610318
NA
NA
NA
NA
NA
6436
NA
NA
5478883
NA
107992
NA
NA
197810
5924208
NA
11317348
2690
NA
NA
NA
4987
6851947
NA
11382492
NA
NA
NA
127861
66064
NA
NA
NA
NA
NA
6610318
NA
NA
NA
NA
NA
NA
11317348
NA
4987
6851947
4302960
11382492
NA
53230011
127861
NA
NA
NA
6216
NA
NA
NA
NA
NA
5744
NA
NA
NA
6436
NA
4707
NA
4987
6851947
NA
53230011
NA
NA
NA
NA
NA
NA
441236
NA
6610318
NA
NA
NA
NA
5311276
107992
NA
NA
197810
2690
NA
NA
4987
6851947
NA
65854
53230011
NA
66064
NA
NA
NA
NA
NA
NA
NA
NA
NA
NA
NA
NA
3074
NA
4987
66064
NA
NA
NA
6604934
1268111
NA
NA
441236
6610318
NA
NA
NA
NA
NA
NA
NA
5924208
NA
11317348
2690
NA
NA
4987
6851947
4302960
NA
11382492
NA
3278
53230011
127861
NA
5991
NA
NA
NA
NA
NA
NA
NA
657308
1268111
NA
NA
NA
NA
NA
6610318
NA
6917803
NA
NA
NA
6215
NA
NA
NA
NA
NA
NA
NA
NA
5478883
NA
197810
NA
5924208
NA
5497136
NA
4707
2690
NA
NA
4987
6851947
4302960
NA
NA
11382492
3012
3278
NA
53230011
NA
NA
NA
NA
6604934
NA
NA
NA
NA
5353454
6610318
11689583
NA
NA
NA
NA
NA
NA
5311276
NA
197810
NA
NA
11317348
2690
NA
NA
4987
6851947
4302960
NA
NA
11382492
NA
53230011
NA
127861
NA
NA
NA
NA
11368
6604934
1268111
NA
NA
NA
NA
NA
NA
409805
NA
NA
NA
NA
107992
NA
3074
2690
4987
6851947
NA
NA
53230011
127861
NA
NA
NA
NA
NA
NA
41114
6216
NA
NA
1268111
NA
NA
NA
441236
NA
NA
NA
6917803
5744
NA
NA
NA
108173
NA
NA
NA
11683
NA
NA
71203
NA
NA
NA
3074
2690
NA
NA
4987
6851947
31728
4336830
NA
6610310
53230011
5447130
20056967
NA
5702295
11368
36462
NA
5288382
6604934
NA
441236
2755
312145
NA
360901
5593
11683
NA
5311
2949965
NA
NA
NA
NA
NA
5288382
NA
NA
11214940
NA
452548
NA
NA
NA
NA
NA
NA
42626405
442088
NA
NA
312145
NA
3476986
11657687
9865387
NA
NA
26596
42623900
NA
NA
NA
9927531
NA
NA
10410894
72376
NA
NA
NA
NA
16722836
60750
NA
6099
5276890
NA
24775005
753704
NA
11351021
NA
637858
NA
24905154
NA
NA
25195348
11296282
638278
11353973
NA
4477
NA
NA
NA
10077147
NA
NA
NA
NA
NA
NA
NA
NA
16741
NA
176158
NA
25105715
NA
NA
NA
NA
NA
16736978
262093
45358157
NA
NA
NA
NA
11292680
5730
969516
5081913
NA
3396
4055
39562
53230011
5311
5311
NA
7251185
NA
NA
NA
NA
NA
66064
9826308
NA
NA
9929138
6857685
NA
NA
5288382
5284616
NA
NA
NA
452548
NA
NA
NA
NA
NA
42626405
NA
NA
312145
5284616
73364
NA
11657687
16362
NA
NA
NA
9927531
NA
NA
10410894
72376
NA
445643
NA
16722836
60750
NA
6099
NA
NA
NA
753704
11351021
637858
NA
NA
NA
NA
NA
24905154
NA
11353973
NA
NA
NA
NA
NA
5289247
NA
10077147
NA
NA
NA
NA
NA
NA
NA
NA
NA
5329103
NA
3854666
NA
NA
16736978
16720766
NA
262093
NA
NA
NA
NA
969516
5081913
11178236
4055
39562
25183872
5311
NA
300471
NA
NA
NA
NA
NA
3035714
15547703
NA
NA
NA
7251185
NA
NA
NA
5288382
NA
NA
NA
NA
NA
442088
312145
NA
9865387
NA
NA
NA
NA
NA
NA
NA
16722836
NA
6099
NA
NA
11351021
NA
NA
11296282
4477
NA
NA
NA
NA
11364421
NA
16720766
NA
NA
NA
NA
5081913
39562
25183872
5494449
3035714
15547703
2949965
NA
216326
5288382
NA
452548
NA
NA
NA
NA
NA
NA
NA
442088
NA
312145
53230011
24199313
5426
9865387
9840076
NA
16362
NA
NA
NA
NA
NA
10410894
72376
5280436
445643
NA
761523
NA
NA
NA
16722836
119607
60750
NA
6099
11984591
753704
NA
11351021
NA
637858
NA
NA
NA
NA
24905154
NA
5503
11296282
638278
11353973
NA
NA
5289247
NA
10077147
NA
NA
9903786
NA
NA
NA
NA
NA
NA
3955
3854666
25105715
NA
NA
NA
NA
NA
16736978
25154867
NA
NA
25262965
NA
NA
5730
969516
NA
3396
NA
5311
7251185
25154868
NA
NA
66064
9826308
NA
3035714
6851947
NA
6857685
NA
2949965
NA
5288382
NA
NA
NA
NA
NA
312145
53230011
5284616
9865387
NA
NA
9927531
NA
NA
NA
5280436
NA
NA
NA
NA
NA
NA
NA
24905154
NA
11296282
638278
4477
NA
10077147
NA
NA
NA
NA
NA
NA
NA
25105715
NA
NA
NA
NA
NA
NA
25262965
NA
2554
5284329
11178236
NA
NA
NA
5494449
NA
NA
15547703
NA
9929138
7251185
NA
2949965
62969
5288382
NA
NA
NA
NA
312145
9840076
NA
NA
NA
NA
NA
72376
NA
16722836
NA
NA
5289247
NA
NA
9903786
NA
NA
3955
3854666
NA
11364421
16736978
NA
46930998
45358157
NA
25262965
NA
5081913
NA
11178236
7251185
NA
NA
5494449
NA
66064
3035714
15547703
NA
7251185
6857685
NA
NA
NA
NA
NA
NA
53230011
NA
NA
72376
761523
NA
NA
NA
NA
NA
NA
NA
5329103
11364421
25262965
969516
5311
NA
7251185
NA
7251185
NA
9840076
NA
NA
NA
33630
NA
NA
11364421
NA
11178236
7251185
NA
9929138
NA
NA
NA
NA
9840076
42623900
NA
761523
637858
NA
5329103
16720766
NA
5311
NA
NA
NA
NA
NA
11657687
NA
72376
5280436
NA
NA
NA
637858
11296282
638278
NA
NA
NA
16720766
NA
25183872
NA
7251185
NA
9929138
NA
2949965
NA
NA
41114
452548
NA
42626405
53230011
9840076
NA
11640390
644215
9826528
9886808
9886808
4212
NA
11707110
11598628
11598628
4212
4212
NA
23582824
NA
23582824
NA
11327430
9956222
NA
6445562
16666708
6918454
11754511
11497983
16750408
42611257
11327430
25195294
11977753
9907093
644241
42642645
644215
6918454
10109823
9915743
9886808
NA
44551660
56649450
11626560
NA
46244454
445154
6918638
451668
451668
46224516
1285941
NA
49855250
23582824
644215
9865515
9444
9865515
NA
46943432
49855250
46943432
6505803
4261
4261
4261
23582824
NA
451668
24856436
9865515
72277
9444
9444
5311
9444
3062316
3062316
25257557
46907787
46907787
9444
11960529
11228183
NA
46907787
57339144
644215
71729975
23582824
3062316
23725625
NA
644215
46244454
49855250
15983966
46885626
15983966
4261
46885626
49855250
NA
644215
6605258
46244454
9826528
NA
23582824
49855250
25257557
71729975
3062316
9865515
46943432
46943432
72277
644215
9444
6918638
9444
15331
3062316
3062316
5311
9865515
9826528
5284616
23582824
46224516
3062316
NA
4212
46907787
49855250
46907787
3062316
6918638
451668
53340666
46244454
NA
644215
24856436
46907787
2130404
46885626
46885626
NA
15953870
15983966
644215
9826528
46931242
49855250
15983966
15983966
25062766
25126798
NA
5288382
5288382
5288382
9956222
176870
11977753
NA
25195294
11465183
25254071
25254071
11707110
9549297
51358113
6445562
56649450
16722836
44137675
9907093
9907093
NA
NA
16654980
10109823
16666708
16666708
16666708
6918454
16750408
11977753
NA
16725726
NA
6918454
3062316
9886808
25195294
16666708
644215
11977753
10461815
644215
6852167
11465183
16666708
23582824
NA
11598628
16654980
11598628
4212
6323491
16725726
NA
16725726
23582824
NA
6918454
NA
42642645
3062316
16750408
4212
265237
3062316
42611257
4212
11977753
NA
9826528
NA
4212
25254071
4212
16725726
6918454
25195294
11707110
NA
9915743
9886808
6852167
11955855
51000408
9826528
6918638
6918638
6918638
9865515
15983966
11228183
25257557
9444
23582824
3062316
49855250
49855250
23582824
NA
46244454
9865515
25150857
9865515
NA
46943432
NA
9796068
24856436
9826528
3062316
3062316
3062316
644215
NA
4261
46943432
5278396
53340666
15983966
53340666
6605258
51000408
9865515
49855250
644215
NA
24856436
15983966
644215
644215
15953870
25257557
46907787
49855250
4212
15983966
NA
46224516
5311
NA
11707110
11707110
11707110
11707110
25062766
10109823
10109823
10109823
5288382
5288382
5288382
644241
11977753
11977753
11977753
NA
NA
9956222
11465183
25126798
6918454
16722836
51358113
25254071
NA
9915743
10109823
6323491
6323491
6918454
25254071
11598628
16750408
16750408
11977753
NA
51358113
11626560
3062316
44551660
9549289
51358113
25254071
NA
11598628
NA
9826528
9886808
5288382
16666708
16666708
16725726
644215
16725726
51358113
25195294
9826528
644215
25195294
644215
11626560
644215
25254071
NA
11598628
11598628
56649450
23582824
NA
160355
176167
25062766
6323491
11707110
16666708
9886808
NA
NA
3062316
4212
644215
NA
11465183
NA
5494449
16725726
3062316
16666708
NA
42611257
16654980
25062766
9915743
9549297
644215
644215
644215
NA
11228183
46244454
9826528
46244454
451668
46224516
445154
6918638
6918638
46943432
6918638
25257557
23582824
NA
23582824
49855250
15983966
51000408
NA
9826528
9865515
25150857
9865515
46943432
53340666
6918638
46907787
4261
4261
49855250
46885626
3062316
4261
25257557
46943432
71729975
NA
53340666
46244454
46885626
46907787
4261
15983966
6605258
3062316
46907787
644215
9826528
23725625
24856436
46244454
15983966
15331
24856436
NA
NA
9865515
NA
NA
46224516
24856436
4212
6918638
25150857
15983966
9826528
11707110
10109823
11640390
11640390
NA
NA
5288382
11465183
6918454
6918454
3062316
6918454
16722836
6852167
11465183
16750408
NA
644215
51358113
11465183
265237
16722836
44551660
9956222
11707110
NA
9907093
51358113
42642645
16654980
25254071
16666708
NA
NA
16666708
16725726
11626560
9826528
6918454
16750408
5288382
NA
24180719
NA
51358113
NA
6918454
25195294
23582824
6445562
9915743
NA
9826528
9826528
4212
NA
265237
9826528
9826528
11327430
16654980
3062316
NA
16725726
11640390
NA
25254071
176167
5278396
11955855
51000408
6605258
46244454
46244454
9826528
49855250
46224516
46224516
6918638
15983966
6918638
NA
49855250
49855250
49855250
46943432
6918638
NA
NA
9865515
9865515
46943432
46943432
NA
3062316
4261
49855250
56963315
23582824
53340666
4261
9826528
15953870
9444
NA
46907787
46907787
46885626
46943432
46885626
25257557
NA
24856436
5311
46244454
5284616
9444
644215
644215
15953870
NA
24856436
644215
15983966
3062316
53340666
46885626
46943432
24856436
4212
11707110
25062766
NA
5288382
9956222
176870
11977753
NA
NA
NA
16722836
16725726
644215
6323491
6918454
6918454
9549289
25254071
24180719
5288382
9915743
16750408
4212
6852167
6323491
51358113
11977753
NA
11598628
NA
6445562
176870
51358113
16666708
16666708
16666708
11977753
9886808
265237
11598628
176870
11598628
NA
6918454
23582824
6323491
16654980
11626560
5288382
51358113
11707110
9915743
11327430
644215
6918454
5288382
6445562
644215
42642645
9915743
44137675
3062316
9915743
176870
NA
NA
11707110
5288382
5288382
11707110
51358113
11977753
9915743
4212
11640390
9826528
3062316
11465183
6918454
NA
25126798
9549297
11640390
51358113
51358113
11640390
176870
5288382
11327430
3062316
NA
NA
16654980
16666708
11977753
16725726
16666708
NA
644215
11977753
16654980
9886808
16722836
4212
NA
9915743
11707110
5494449
11598628
11234052
644215
9915743
23582824
9915743
6918454
NA
11707110
NA
265237
11977753
9826528
9826528
9826528
9915743
56649450
9886808
25254071
9826528
23582824
11626560
11626560
25062766
11640390
10109823
NA
11640390
5288382
9956222
9956222
56649450
11977753
11977753
NA
44551660
6852167
6852167
51358113
9826528
16725726
6445562
11640390
NA
NA
6852167
16654980
16666708
9915743
265237
11465183
NA
16654980
16725726
25195294
16725726
NA
9549289
NA
9549297
NA
9886808
9826528
NA
NA
11707110
23582824
6323491
25254071
3062316
644215
10461815
25254071
6323491
51358113
16750408
9915743
25195294
176167
644215
42611257
11977753
4212
160355
51358113
NA
11327430
NA
4212
NA
11754511
9826528
NA
9826528
6323491
NA
265237
644215
5288382
11234052
10109823
11640390
25126798
176870
NA
NA
4212
16722836
25254071
11327430
NA
16750408
160355
51358113
NA
6445562
NA
NA
10109823
16722836
51358113
51358113
16654980
6852167
16654980
265237
24180719
644215
25195294
16725726
11640390
644215
9549289
11598628
42611257
44551660
5288382
NA
644215
25195294
11626560
3062316
4212
11977753
NA
5494449
56649450
11977753
NA
NA
10109823
11640390
51358113
NA
9826528
25062766
10109823
3062316
5288382
4212
NA
11977753
NA
NA
6445562
6918454
16722836
11327430
25254071
NA
6323491
42611257
11977753
5288382
10109823
644241
51358113
11707110
16666708
NA
NA
6918454
644215
10109823
42642645
644241
9826528
11626560
16666708
16666708
25062766
16666708
3062316
9886808
265237
11754511
10461815
25062766
11707110
6323491
11707110
9826528
4212
NA
11598628
9826528
4212
6323491
NA
9915743
NA
NA
NA
NA
42642645
265237
9915743
11977753
25254071
NA
11598628
11640390
5288382
NA
176870
11977753
11977753
11465183
9886808
51358113
6918454
16722836
9826528
16722836
51358113
6323491
6323491
16750408
16750408
51358113
NA
25254071
44551660
10109823
9826528
NA
11465183
NA
6445562
16666708
16666708
16666708
160355
25195294
265237
11465183
644215
6323491
51358113
4212
NA
644215
NA
6323491
11977753
NA
NA
6323491
NA
3062316
16666708
NA
51358113
11977753
11707110
3062316
176167
NA
16654980
3062316
644215
9886808
176167
3062316
42611257
5288382
9549297
4212
5494449
4212
42611257
NA
NA
6918454
NA
11754511
NA
6918454
NA
25254071
NA
25062766
10109823
10109823
NA
NA
5288382
56649450
176870
644241
11977753
11977753
11977753
9549289
56649450
NA
11754511
25254071
51358113
6323491
16750408
16750408
44137675
16750408
11598628
16750408
25195294
11707110
25254071
6323491
51358113
11234052
51358113
6445562
5288382
44551660
9907093
11327430
NA
NA
NA
51358113
42642645
NA
42642645
NA
25254071
11327430
265237
4212
265237
3062316
23582824
16725726
3062316
NA
644215
644215
9886808
6323491
644241
9886808
9886808
23582824
16722836
11598628
11598628
16722836
23582824
9549289
NA
NA
11465183
10109823
11977753
4212
NA
3062316
16654980
4212
160355
4212
9915743
9826528
NA
42611257
16725726
NA
5288382
6918454
9915743
11626560
6445562
6445562
9915743
11626560
NA
11640390
5288382
176870
11977753
11977753
176870
11977753
NA
NA
9549289
25195294
23582824
9549297
16722836
11977753
6852167
6323491
6323491
24180719
56649450
16750408
16750408
16750408
NA
44137675
25062766
160355
51358113
3062316
6445562
5288382
6445562
16654980
6445562
16722836
44551660
23582824
9907093
NA
NA
NA
6323491
NA
4212
51358113
16750408
NA
6918454
25254071
16654980
25254071
6323491
265237
9886808
3062316
11626560
11977753
16725726
16654980
16725726
25062766
6323491
25254071
9886808
NA
42642645
NA
11598628
9915743
11598628
644241
16654980
9874913
11977753
3062316
5288382
11327430
3062316
6852167
16725726
4212
9915743
265237
51358113
11327430
23582824
44551660
16750408
5288382
9915743
4212
11626560
NA
11754511
6445562
11626560
25254071
4212
9874913
9874913
11465183
NA
9874913
6323491
3062316
NA
5288382
5288382
56649450
11977753
5288382
11977753
NA
9549289
9874913
11598628
6852167
11465183
23582824
11465183
11465183
25254071
25195294
6323491
6323491
16750408
10109823
9886808
160355
51358113
6445562
6445562
44551660
44551660
NA
NA
9907093
44551660
11598628
16654980
6852167
6323491
11465183
16654980
NA
16654980
16750408
11640390
44137675
NA
265237
56649450
265237
16666708
265237
11626560
NA
10109823
25254071
25195294
5494449
10109823
25062766
NA
NA
160355
9886808
6445562
16750408
11327430
9915743
NA
9915743
NA
644215
16725726
16722836
4212
25195294
51358113
NA
4212
56649450
10461815
25126798
176870
NA
4212
51358113
9826528
5288382
9956222
11598628
644215
3062316
9826528
176167
42642645
11626560
16722836
9826528
NA
NA
9874913
9915743
9874913
16722836
9956119
NA
NA
49836027
5289247
5289247
5289247
5288382
5288382
5288382
123631
123631
11647372
46930998
10127622
NA
10127622
NA
216239
25260757
25260757
25260757
11152667
5284616
11152667
11152667
NA
NA
6323491
6323491
11338033
5288382
NA
44224160
3062316
16747683
16747683
10172943
10172943
10172943
NA
NA
NA
11364421
NA
3062316
156414
3025986
NA
3025986
156414
9884685
25167777
9809715
10172943
10127622
NA
4212
265237
9826308
49836027
25260757
5330286
644215
NA
3062316
11364421
NA
46930998
4212
5284616
46191454
9826528
9826528
9826528
9826528
3062316
25167777
11671467
9813758
16747683
23582824
11485656
44224160
9826528
25167777
4212
5330286
11152667
NA
NA
11364421
123631
5288382
9826308
11152667
NA
NA
NA
20601328
9884685
644215
46191454
NA
265237
9884685
44224160
6323491
10172943
25262965
5287969
NA
NA
5289247
5288382
11647372
11647372
11647372
10127622
49836027
25260757
25260757
25260757
25260757
11152667
NA
3062316
NA
11338033
NA
1401
11485656
NA
10172943
11152667
9884685
NA
4212
3062316
3062316
NA
9826528
25124816
25124816
25124816
17755052
25260757
11338033
NA
4212
16747683
9809715
25167777
265237
46191454
6323491
9826308
11713159
9826308
11364421
3025986
11152667
265237
NA
NA
5330286
46930998
9826528
9826528
9826528
4212
11364421
10302451
23582824
122724
6323491
46191454
6323491
4212
25167777
23582824
4212
NA
11364421
10172943
5330286
10127622
3025986
5284616
9826308
5288382
NA
NA
17755052
9884685
NA
NA
NA
644215
16747683
5330286
11713159
25167777
644215
25262965
20601328
NA
5288382
5288382
25167777
208908
11647372
11647372
10127622
NA
NA
10302451
9826528
NA
5284616
265237
10184653
NA
49836027
NA
6323491
9956119
6323491
11338033
25260757
11338033
122724
23582824
46930998
644215
NA
NA
5330286
16747683
25262965
16747683
11152667
16747683
9884685
9826528
3062316
9884685
3062316
NA
5284616
9826528
156414
NA
11485656
NA
3025986
156414
10184653
9884685
11152667
9884685
156414
3025986
49836027
25167777
208908
NA
122724
122724
644215
5330286
644215
5287969
11364421
NA
49836027
NA
9884685
NA
11364421
9956119
44224160
46930998
11152667
10172943
644215
46930998
17755052
9826528
5330286
10127622
9826528
5287969
NA
11647372
25260757
11364421
NA
NA
9826528
10302451
6323491
123631
49836027
156414
3062316
11671467
25262965
9813758
NA
46191454
10302451
NA
4212
4212
5288382
216239
9826308
156414
NA
23582824
10184653
3062316
NA
NA
10127622
11338033
23582824
23582824
5287969
16747683
25260757
10172943
5287969
25167777
NA
4212
5287969
23582824
25262965
5288382
10172943
25262965
NA
20601328
NA
NA
49836027
5289247
5288382
5288382
5288382
123631
25167777
208908
11647372
11647372
11647372
25260757
5288382
11152667
11152667
5287969
6323491
9956119
25167777
122724
11338033
NA
11338033
208908
NA
156414
16747683
10184653
10172943
NA
9884685
10302451
NA
9884685
9884685
122724
11364421
NA
5287969
11713159
17755052
3025986
3025986
11338033
NA
17755052
9809715
10184653
122724
NA
9813758
NA
25167777
46930998
10172943
46930998
49836027
46930998
46191454
46191454
4212
11338033
16747683
10172943
4212
216239
10172943
10302451
25262965
17755052
11364421
10172943
9826308
644215
NA
17755052
11364421
25167777
11647372
265237
44224160
23582824
5287969
9813758
4212
23582824
6323491
25262965
11671467
25262965
10302451
NA
11338033
122724
20601328
9884685
10184653
NA
NA
25262965
16747683
46191454
46191454
20601328
NA
NA
49836027
9956119
NA
25167777
5288382
208908
10127622
6323491
5284616
25260757
644215
122724
11152667
NA
4212
9884685
11338033
11338033
NA
122724
NA
NA
11485656
11485656
16747683
10172943
9884685
10172943
9884685
9884685
4212
NA
NA
11647372
16747683
49836027
3025986
25260757
156414
25260757
9884685
25167777
NA
5284616
10302451
10184653
265237
25262965
NA
11338033
644215
5289247
44224160
9884685
11364421
46191454
16747683
265237
3062316
5287969
5284616
9809715
NA
NA
4212
NA
49836027
17755052
5287969
11364421
49836027
NA
11364421
44224160
9813758
25260757
10172943
11671467
3025986
NA
23582824
NA
44224160
3062316
25262965
NA
9826308
NA
1401
NA
11647372
NA
NA
4212
216239
NA
11364421
9826528
25167777
5288382
5287969
11152667
5287969
11152667
11364421
25262965
NA
9826528
5284616
11671467
644215
NA
49836027
49836027
5289247
5288382
5288382
123631
25167777
25167777
208908
208908
208908
NA
3025986
3062316
5284616
25260757
10302451
10127622
6323491
NA
NA
6323491
17755052
46930998
20601328
NA
NA
NA
6323491
16747683
10172943
25167777
9884685
11647372
16747683
23582824
10172943
265237
156414
49836027
17755052
9884685
46191454
46191454
5330286
25260757
3062316
11713159
11647372
9826528
644215
9826528
NA
NA
11364421
5288382
4212
156414
216239
11364421
265237
11364421
3062316
10302451
6323491
25260757
NA
NA
156414
11485656
9826528
4212
11364421
10302451
5287969
644215
4212
5330286
NA
25260757
10184653
122724
23582824
208908
11338033
10172943
156414
4212
9956119
10172943
NA
NA
5288382
11647372
10127622
10127622
NA
10127622
NA
10172943
9956119
NA
NA
NA
NA
6323491
46930998
11338033
NA
NA
5289247
11485656
25167777
25167777
1401
10172943
25124816
1401
3025986
46191454
11485656
156414
11152667
NA
NA
5288382
11647372
5289247
10184653
10127622
644215
17755052
11713159
9826528
46191454
5330286
156414
5330286
9826528
11364421
17755052
5289247
5289247
44224160
5291
NA
17755052
11364421
11364421
9826528
11485656
4212
265237
NA
NA
25167777
23582824
NA
11364421
216239
49836027
11364421
9826528
46191454
NA
NA
46930998
16747683
9826308
25262965
49836027
NA
NA
NA
16747683
123631
265237
216239
NA
49836027
49836027
49836027
5289247
5288382
5288382
25167777
5289247
NA
25167777
NA
644215
25260757
25260757
25260757
122724
10127622
NA
9956119
11364421
NA
25167777
123631
6323491
11338033
123631
NA
156414
11647372
16747683
16747683
10172943
10172943
9884685
10172943
1401
3062316
NA
3062316
3025986
10127622
9809715
25262965
25262965
17755052
NA
NA
9826528
122724
644215
NA
NA
44224160
11713159
644215
644215
NA
25260757
25260757
208908
9826528
9813758
25167777
NA
NA
17755052
44224160
9884685
25262965
25260757
16747683
5330286
10172943
5330286
5330286
11647372
3025986
5284616
10302451
123631
NA
5284616
46930998
5330286
5287969
4212
156414
11671467
11671467
23582824
9884685
4212
5330286
6323491
NA
25167777
122724
NA
NA
3025986
46191454
5287969
NA
5289247
5289247
5288382
208908
10127622
9956119
10127622
10127622
NA
NA
NA
NA
644215
25260757
11152667
46191454
NA
NA
NA
NA
11338033
11338033
11485656
16747683
16747683
11338033
10172943
9884685
9884685
9884685
25260757
5287969
49836027
9826528
NA
3062316
11671467
3062316
25124816
25124816
3025986
3025986
11338033
123631
1401
156414
156414
11713159
3062316
265237
9809715
3062316
122724
122724
122724
11713159
5289247
265237
11713159
NA
10172943
46930998
25167777
46191454
NA
NA
44224160
25167777
9826528
NA
9826528
6323491
49836027
11671467
NA
4212
5287969
3062316
25262965
9813758
44224160
25262965
208908
NA
NA
NA
49836027
44224160
23582824
NA
25260757
5288382
10302451
9826308
NA
NA
NA
16747683
25262965
123631
NA
5330286
10184653
208908
NA
25262965
11338033
17755052
25124816
16747683
10172943
10172943
5287969
9956119
20601328
49836027
49836027
5289247
NA
11647372
11647372
3025986
9826528
9826528
5284616
5284616
23582824
10127622
NA
NA
NA
NA
6323491
265237
NA
NA
5287969
NA
NA
11152667
10127622
16747683
5330286
9884685
5288382
10172943
17755052
NA
NA
25262965
25260757
5288382
265237
9826308
5287969
49836027
5287969
644215
10302451
17755052
9884685
44224160
NA
3025986
25167777
9826308
25262965
11364421
122724
23582824
46930998
46191454
46191454
216239
NA
9826528
11647372
44224160
NA
NA
11671467
17755052
9826308
9826528
11364421
11364421
11713159
46930998
156414
10302451
9956119
4212
4212
25167777
6323491
11671467
11647372
23582824
9826528
25262965
NA
11364421
NA
10127622
46191454
46191454
44224160
46191454
9826528
4212
1401
NA
NA
NA
49836027
5289247
25167777
25167777
49836027
11647372
11647372
5289247
10127622
10127622
10184653
46191454
NA
46191454
NA
NA
9884685
NA
6323491
6323491
25260757
11338033
NA
NA
10172943
11338033
NA
25262965
6323491
16747683
16747683
25260757
9884685
20601328
9884685
NA
6323491
9884685
3025986
3025986
46191454
NA
156414
9809715
11671467
4212
122724
9884685
644215
3025986
11364421
NA
NA
25167777
46930998
9826528
25262965
9813758
44224160
4212
11152667
11713159
644215
20601328
23582824
11152667
644215
10172943
23582824
5330286
1401
NA
NA
11364421
11152667
16747683
NA
4212
216239
44224160
9956119
46930998
10172943
25167777
5287969
44224160
644215
49836027
NA
10172943
10302451
25260757
9956119
9813758
644215
NA
10172943
17755052
11364421
5289247
5288382
11671467
NA
5287969
49836027
5288382
5289247
25167777
25167777
25167777
11647372
11647372
11647372
10127622
NA
25260757
25260757
11152667
9826528
25260757
NA
NA
NA
265237
11338033
11338033
11364421
16747683
16747683
5289247
10172943
4212
NA
10172943
10172943
3062316
3062316
3025986
NA
44224160
5284616
10127622
11364421
122724
3025986
5330286
4212
46930998
5289247
5330286
5288382
11152667
5330286
NA
5330286
17755052
NA
46191454
10172943
17755052
NA
25167777
3062316
5330286
25124816
9826528
9826308
25124816
9826528
10184653
23582824
9813758
46930998
216239
11485656
3062316
NA
5288382
23582824
NA
5289247
9809715
9826308
17755052
9826528
NA
265237
NA
NA
49836027
49836027
5289247
5288382
5288382
5288382
49836027
NA
25167777
NA
11647372
NA
16747683
5284616
44224160
11671467
25260757
46191454
17755052
9884685
11152667
NA
9956119
9826308
11713159
NA
16747683
9884685
11152667
16747683
644215
11338033
1401
9809715
11364421
3025986
3025986
17755052
46930998
644215
11152667
11647372
122724
3025986
11647372
5284616
5330286
46191454
NA
11671467
46930998
4212
46191454
46191454
10172943
17755052
11338033
5330286
9884685
5287969
11338033
156414
NA
10172943
NA
11364421
10302451
44224160
9809715
NA
4212
9813758
5287969
NA
46930998
5287969
11364421
25262965
23582824
NA
NA
NA
NA
49836027
5291
25167777
11647372
49836027
5287969
25260757
11152667
NA
NA
NA
NA
6323491
25262965
16747683
122724
44224160
9884685
6323491
44224160
9884685
11364421
265237
3025986
3025986
11647372
9809715
17755052
10184653
10172943
25167777
4212
NA
5287969
644215
1401
5284616
11338033
46930998
44224160
5330286
44224160
NA
49836027
17755052
5287969
9826308
644215
20601328
11338033
NA
11647372
3025986
46191454
11713159
4212
NA
NA
NA
46191454
49836027
5288382
11364421
23582824
644215
5287969
5287969
NA
5287969
11338033
NA
9956119
NA
5289247
5289247
5288382
5288382
123631
25167777
25167777
25167777
11647372
10127622
NA
265237
10127622
6323491
25260757
NA
123631
NA
156414
10302451
644215
11338033
NA
11485656
10172943
NA
5288382
3062316
3062316
3062316
3025986
3025986
3025986
10172943
10184653
10184653
NA
122724
44224160
644215
17755052
10184653
46191454
NA
6323491
5330286
10127622
11152667
NA
46930998
44224160
9826528
9826528
17755052
NA
11364421
5288382
6323491
23582824
10184653
NA
4212
123631
6323491
4212
25262965
25260757
5287969
10127622
123631
25262965
49836027
16747683
23582824
11364421
NA
49836027
49836027
5289247
5289247
5288382
5288382
5291
123631
25167777
NA
11152667
5288382
9826528
NA
NA
NA
NA
6323491
NA
3025986
5287969
11338033
156414
3062316
NA
25260757
11485656
123631
123631
6323491
9884685
NA
9884685
9884685
9884685
123631
9826528
3062316
NA
5287969
3025986
3025986
10184653
9826528
156414
9809715
10184653
10184653
10184653
10184653
265237
265237
122724
25167777
122724
644215
NA
122724
5284616
10172943
17755052
NA
644215
17755052
6323491
11364421
NA
11485656
25262965
3062316
644215
9813758
11713159
16747683
5288382
4212
16747683
10127622
NA
25260757
11364421
11364421
11647372
6323491
4212
23582824
44224160
25262965
17755052
4212
25167777
25262965
644215
10172943
156414
265237
11338033
NA
46930998
3062316
25124816
46191454
10184653
44224160
3025986
9826308
NA
5289247
5288382
5291
25167777
25167777
11647372
11647372
10127622
25260757
NA
6323491
25260757
11152667
NA
NA
NA
6323491
11647372
6323491
5284616
11338033
156414
11152667
NA
44224160
16747683
10172943
NA
10172943
17755052
49836027
25124816
25124816
3025986
46191454
25260757
265237
3025986
265237
644215
NA
10172943
46930998
17755052
46191454
9813758
NA
5330286
25167777
5330286
5289247
9826528
23582824
5287969
11485656
17755052
10172943
4212
11364421
11364421
9884685
NA
4212
5288382
NA
9813758
NA
11152667
216239
4212
49836027
NA
NA
11338033
25262965
9809715
644215
9884685
122724
NA
16747683
10302451
25124816
NA
NA
5288382
9826528
25124816
5287969
NA
49836027
25262965
5287969
NA
NA
NA
NA
25167777
25167777
NA
644215
NA
20601328
11338033
23582824
17755052
11152667
NA
NA
46191454
6323491
25167777
NA
25167777
11338033
11485656
NA
16747683
10172943
11338033
9884685
3025986
9813758
11647372
NA
3025986
9956119
3025986
9813758
9809715
265237
NA
16747683
265237
265237
122724
25262965
644215
4212
3025986
11338033
11152667
46191454
644215
5287969
46930998
9813758
9826528
11671467
11647372
17755052
122724
4212
5287969
11364421
46191454
25262965
23582824
5287969
17755052
11364421
644215
5287969
5289247
5288382
46930998
NA
9956119
3062316
NA
49836027
49836027
49836027
5289247
NA
NA
NA
11647372
25260757
11152667
NA
NA
10127622
265237
6323491
6323491
4212
11338033
10127622
NA
10172943
NA
11338033
9884685
9884685
23582824
9813758
5330286
NA
1401
NA
3062316
NA
3062316
10127622
3025986
5330286
9884685
3025986
25262965
9809715
25167777
11152667
10172943
644215
25262965
NA
10302451
122724
5288382
265237
5287969
9826528
11713159
17755052
5289247
46191454
644215
49836027
NA
5289247
25167777
11338033
NA
NA
46191454
46191454
5330286
46191454
5330286
46191454
10127622
5288382
9826528
9826528
11364421
25260757
11364421
NA
25262965
11671467
5288382
25262965
10302451
9813758
9826528
44224160
5287969
4212
4212
25260757
5288382
3062316
5287969
25167777
644215
11338033
23582824
16747683
156414
5289247
10302451
5287969
6323491
NA
NA
3025986
3025986
NA
20601328
NA
NA
49836027
5289247
5288382
5288382
5291
5288382
25167777
5288382
10127622
10127622
10127622
NA
NA
9826528
NA
11364421
NA
11152667
3062316
25260757
3062316
6323491
11338033
NA
16747683
644215
NA
3025986
16747683
16747683
23582824
10172943
11338033
9884685
10172943
16747683
5288382
11338033
46191454
3025986
25260757
10127622
NA
9809715
9809715
6323491
46191454
5287969
46191454
49836027
4212
NA
9826528
5330286
5330286
NA
3062316
5287969
5287969
NA
3025986
NA
NA
4212
6323491
11364421
5287969
NA
122724
10302451
25262965
9813758
11713159
9813758
4212
11713159
11647372
10127622
9826528
11338033
5288382
11152667
NA
11671467
11671467
11364421
216239
25262965
11152667
NA
5330286
216239
25262965
11152667
9813758
644215
16747683
5289247
11152667
NA
NA
49836027
5289247
5288382
5288382
5288382
25167777
25167777
11647372
25260757
NA
NA
NA
44224160
46191454
11152667
9884685
25167777
23582824
16747683
NA
23582824
10172943
44224160
NA
9884685
10172943
122724
9884685
1401
1401
25260757
3062316
25167777
3062316
17755052
3025986
3062316
NA
6323491
NA
3025986
49836027
10184653
11647372
644215
3025986
265237
NA
9809715
156414
25260757
46930998
NA
265237
11364421
122724
4212
5287969
NA
5330286
5330286
NA
5330286
NA
5284616
NA
NA
44224160
11364421
10302451
16747683
49836027
44224160
4212
9813758
6323491
265237
216239
NA
122724
6323491
4212
5284616
44224160
3062316
NA
9826308
4212
NA
4212
11152667
NA
NA
5330286
NA
11364421
9809715
9884685
11338033
11338033
11485656
6323491
25262965
11713159
49836027
49836027
49836027
5288382
5288382
123631
25167777
5288382
25167777
25167777
208908
208908
11647372
11647372
NA
NA
5284616
25260757
25260757
11152667
11152667
NA
NA
NA
NA
6323491
3062316
11338033
10302451
NA
NA
NA
NA
3025986
44224160
NA
16747683
9884685
NA
44224160
11338033
9884685
5284616
9884685
11338033
11152667
11338033
25167777
17755052
25260757
11364421
NA
208908
156414
156414
17755052
10184653
6323491
10184653
156414
1401
10184653
11647372
25260757
644215
265237
5284616
49836027
122724
208908
122724
156414
9826308
644215
NA
25167777
9956119
122724
3025986
25262965
644215
5288382
NA
46191454
17755052
46191454
11364421
5284616
46191454
5287969
44224160
44224160
4212
25262965
644215
20601328
17755052
9813758
6323491
10172943
23582824
44224160
NA
122724
25262965
25260757
NA
9826308
25262965
6323491
4212
5284616
4212
49836027
5287969
23582824
9884685
3025986
9813758
NA
NA
NA
11647372
265237
NA
644215
9956119
NA
NA
NA
49836027
49836027
49836027
5288382
25167777
25167777
5288382
NA
NA
NA
20601328
5284616
25260757
NA
11152667
10184653
NA
11364421
265237
11338033
10172943
11338033
11152667
11338033
11338033
16747683
16747683
16747683
10172943
10172943
NA
10172943
3025986
NA
3025986
11713159
NA
NA
5288382
122724
9884685
25260757
NA
9809715
5288382
9813758
10184653
265237
122724
122724
644215
NA
6323491
11713159
11152667
5288382
11713159
NA
644215
5289247
46930998
46930998
11364421
25167777
46191454
11713159
6323491
44224160
44224160
49836027
17755052
5287969
3062316
16747683
NA
NA
11647372
NA
46191454
6323491
10172943
5284616
9813758
5287969
11364421
644215
17755052
9826308
9826308
644215
46191454
25262965
10127622
644215
208908
11671467
NA
10127622
25262965
122724
NA
5287969
46191454
NA
24794418
NA
3081361
11175137
11175137
49867928
71543332
9826528
9826528
9826528
11978790
11978790
NA
44607530
NA
45375953
NA
23582824
45375953
45375953
25066467
46926350
10113978
23582824
3062316
3062316
23582824
NA
3062316
5284616
11427553
NA
6442177
11511120
51039095
46926350
46926350
11494412
25066467
23582824
25102847
3062316
644215
3062316
NA
46926350
NA
9903786
644215
11493598
176158
9868037
11676786
5311
11676786
NA
5329102
24821094
11494412
NA
11676786
9826528
11494412
6505803
71543332
NA
4212
5328940
45375953
42636535
51039095
71543332
9903786
71543332
71543332
9826528
9826528
NA
11978790
11978790
3081361
24889392
NA
NA
45375953
9967941
6442177
6442177
6442177
5284616
24739943
6442177
NA
9967941
23582824
11282283
11175137
6442177
11715767
5328940
11676786
9826528
24739943
25102847
25066467
24821094
24821094
24821094
NA
NA
3062316
11175137
45375953
3062316
11511120
3062316
11978790
644215
NA
NA
NA
NA
176158
NA
51039095
44607530
45375953
46926350
46926350
42636535
9903786
25066467
11676786
46926350
9967941
644215
46926350
5311
11676786
644215
644215
9868037
644215
11715767
NA
11494412
NA
25066467
25102847
NA
11494412
23582824
24795070
46926350
NA
11175137
11175137
11175137
11175137
11625818
49867928
NA
11978790
NA
NA
44607530
45375953
NA
6442177
11282283
6442177
9967941
23582824
9826528
156422
11978790
3062316
3081361
25066467
24739943
46926350
11715767
11676786
NA
NA
46926350
NA
45375953
NA
24739943
NA
644215
3062316
9826528
24889392
9903786
11427553
6442177
NA
11676786
24821094
9826528
644215
5329102
3062316
23582824
5328940
9826528
11715767
NA
9911830
NA
4212
11494412
11978790
NA
NA
24795070
45375953
NA
NA
NA
11494412
9911830
23582824
11494412
176158
9967941
NA
9903786
11282283
46931012
9967941
9967941
644215
5284616
25066467
9903786
3081361
71543332
71543332
71543332
9826528
NA
11978790
11978790
NA
NA
11978790
49867928
71543332
11625818
NA
NA
45375953
NA
11175137
23582824
24821094
25066467
46926350
6442177
6442177
5329102
45375953
NA
24739943
11676786
6442177
71543332
24821094
46926350
24821094
3062316
3062316
10113978
3062316
6442177
11511120
11511120
11511120
11427553
5329102
NA
6442177
176158
11978790
644215
644215
46931012
24739943
5328940
46926350
25102847
10074640
5311
46926350
25066467
NA
11511120
9903786
6442177
644215
24821094
NA
11667893
9826528
44607530
44607530
NA
45375953
NA
644215
11511120
5329102
5284616
10113978
71543332
25066467
11625818
11625818
71543332
9826528
11978790
NA
11175137
11667893
11978790
45375953
3062316
45375953
10113978
NA
NA
NA
11978790
23582824
9826528
45375953
9911830
NA
46931012
10074640
644215
6442177
46926350
46926350
NA
46926350
NA
25066467
NA
24739943
3062316
71543332
9868037
11511120
25066467
49867928
44607530
11427553
45375953
9903786
644215
NA
NA
NA
NA
5328940
6442177
9868037
5328940
11978790
24795070
6505803
3081361
23582824
17754438
644215
24794418
45375953
176158
11676786
11282283
9911830
11494412
644215
11494412
11494412
11676786
NA
NA
5329102
NA
11625818
71543332
9826528
9826528
9826528
9826528
NA
11978790
NA
44607530
NA
11978790
46926350
23582824
23582824
24794418
NA
644215
25066467
11493598
45375953
23582824
11978790
6505803
11676786
3062316
11427553
11715767
24739943
45375953
46926350
176158
11676786
NA
6442177
25066467
NA
5329102
42636535
11715767
46926350
25102847
24821094
46926350
NA
NA
644215
NA
24889392
11676786
11676786
11494412
45375953
NA
3062316
9911830
5311
NA
11175137
9826528
9826528
3062316
11978790
11978790
24889392
NA
NA
11493598
44607530
NA
11978790
NA
46926350
9967941
NA
9967941
9967941
6442177
9967941
NA
23582824
23582824
46926350
23582824
11715767
23582824
25066467
9868037
25102847
NA
5329102
11978790
5311
25066467
11494412
11427553
NA
NA
3062316
11494412
11511120
NA
11715767
11427553
71543332
46926350
51039095
45375953
9903786
11175137
46926350
9868037
11175137
9868037
46926350
9967941
9826528
11715767
6505803
9911830
11282283
644215
9911830
11494412
NA
5284616
71543332
71543332
11676786
25066467
644215
3081361
11175137
11625818
11978790
11625818
46926350
44607530
11625818
3062316
11715767
9967941
46926350
6442177
6442177
6442177
NA
23582824
24795070
23582824
11715767
45375953
25066467
NA
10113978
11978790
NA
NA
3062316
3062316
NA
11511120
5329102
23582824
46926350
11978790
23582824
11715767
25102847
24889392
NA
644215
NA
24739943
NA
644215
176158
644215
3062316
6442177
46926350
9826528
46244454
9826528
174159
11955855
6918638
6918638
46244454
46224516
6505803
23582824
9865515
6918638
NA
49855250
15983966
9865515
46943432
46943432
46943432
NA
4261
9444
9444
NA
11228183
46885626
15983966
46907787
46907787
25257557
51000408
24856436
1285941
NA
6918638
46907787
54685215
23725625
451668
15983966
53340666
644215
644215
5278396
53340666
15983966
4261
NA
46885626
46885626
49855250
4261
46943432
NA
NA
23725625
3062316
11955855
15983966
49855250
71729975
46885626
24856436
3062316
11228183
9826528
4261
23582824
644215
644215
NA
NA
9826528
9826528
9826528
174159
174159
51000408
644215
451668
451668
6918638
46907787
25257557
46885626
NA
NA
644215
6918638
25150857
25150857
9865515
9865515
9865515
25257557
NA
46943432
23725625
2946601
25257557
49855250
6605258
3062316
4261
NA
15983966
2130404
56963315
24856436
1285941
NA
46943432
5113032
NA
NA
46907787
3062316
53340666
49855250
NA
6918638
15983966
6918638
46885626
23582824
9826528
15953870
46943432
11955855
46885626
46907787
71729975
46907787
15983966
24856436
15983966
9865515
46244454
24856436
46907787
644215
11955855
6605258
6918638
NA
6918638
448042
11955855
24856436
15983966
23582824
NA
NA
49855250
49855250
NA
702558
NA
46885626
9865515
11955855
46943432
4261
46244454
3062316
23582824
15983966
5311
11960529
71729975
46943432
53340666
9826528
6918638
11228183
15953870
54685215
9826528
23582824
4261
25257557
46943432
15983966
NA
46885626
15331
451668
1285941
46943432
644215
15983966
NA
46885626
24856436
NA
9826528
3062316
9826528
NA
5280436
NA
NA
NA
NA
NA
132449
11296282
NA
NA
NA
NA
NA
11364421
NA
969516
NA
53230011
25183872
5311
9826308
9929138
7251185
NA
NA
NA
42626405
NA
NA
NA
5280436
NA
NA
NA
NA
NA
NA
NA
5329103
NA
NA
NA
5730
5081913
11178236
53230011
5311
7251185
25154868
NA
15547703
NA
NA
NA
2949965
NA
NA
NA
NA
NA
452548
NA
NA
NA
NA
448042
NA
NA
NA
5743
NA
47936
312145
73364
NA
9865387
NA
NA
16362
NA
NA
9927531
NA
NA
NA
NA
NA
445643
NA
NA
NA
NA
4201
60750
6099
NA
5276890
11984591
11351021
NA
637858
5280453
NA
24905154
NA
25195348
NA
11296282
638278
11353973
11683005
NA
NA
NA
148198
10077147
NA
9903786
NA
NA
NA
16741
NA
3955
3854666
25105715
NA
NA
253078
11364421
16736978
NA
NA
46930998
262093
NA
NA
25262965
NA
NA
NA
5284329
5730
23663390
11178236
5311
5311
NA
24978538
NA
NA
702558
NA
NA
9826308
NA
NA
NA
6851947
2733525
NA
9929138
NA
7251185
NA
6857685
NA
60823
NA
NA
NA
NA
NA
NA
NA
5284373
NA
NA
NA
NA
42626405
5743
47936
3476986
53230011
24199313
5284616
NA
NA
11657687
NA
9840076
16362
NA
NA
NA
NA
NA
NA
10410894
NA
445643
NA
NA
NA
60750
NA
NA
NA
5276890
NA
NA
11984591
753704
NA
11351021
NA
NA
NA
NA
11296282
638278
11353973
NA
NA
NA
10077147
9903786
NA
NA
67278
NA
NA
NA
176158
NA
NA
3854666
25105715
NA
NA
NA
46930998
45358157
NA
NA
NA
NA
NA
5730
5081913
NA
11178236
4055
53230011
25183872
NA
5311
NA
300471
25154868
NA
NA
NA
NA
NA
NA
NA
NA
3035714
NA
NA
6851947
4485
9929138
7251185
6857685
NA
NA
NA
NA
5284616
452548
6917864
312145
73364
NA
NA
NA
72376
NA
NA
119607
NA
6099
74890097
NA
11984591
NA
NA
132449
NA
5289247
NA
9903786
NA
NA
NA
16736978
16720766
NA
NA
NA
5081913
NA
5311
5311
7251185
NA
NA
15547703
NA
NA
NA
216326
NA
NA
11214940
NA
5284373
NA
NA
6917864
NA
NA
NA
NA
NA
NA
3476986
5284616
409805
NA
11657687
9865387
9840076
NA
NA
NA
NA
NA
NA
9927531
NA
NA
5280436
NA
NA
NA
NA
NA
NA
6099
NA
NA
11984591
NA
NA
NA
NA
NA
NA
11296282
11353973
4477
NA
NA
9903786
NA
NA
NA
NA
176158
NA
NA
3854666
NA
NA
16736978
NA
NA
46930998
262093
NA
NA
NA
NA
5730
969516
5081913
NA
11178236
5311
5311
NA
NA
NA
NA
5494449
9826308
NA
3035714
NA
NA
6857685
NA
NA
NA
9782
5284373
NA
NA
42626405
5743
NA
24199313
73364
NA
9840076
NA
NA
NA
NA
NA
10410894
5280436
NA
NA
NA
16722836
119607
24785538
NA
6099
74890097
NA
NA
NA
NA
5280453
NA
132449
NA
NA
NA
11296282
11353973
NA
NA
10077147
NA
62853
9903786
NA
NA
NA
176158
NA
NA
NA
NA
NA
NA
16720766
NA
46930998
262093
NA
NA
NA
NA
11292680
11178236
39562
NA
5311
300471
9826308
15547703
4485
9929138
7251185
NA
2949965
NA
NA
NA
NA
NA
NA
5284616
11657687
9840076
NA
NA
NA
10410894
5280436
NA
NA
753704
637858
NA
24905154
638278
5289247
NA
10077147
NA
NA
NA
NA
11364421
NA
46930998
NA
NA
5730
969516
11178236
7251185
NA
NA
NA
NA
NA
24199313
9840076
NA
72376
NA
NA
74890097
637858
NA
NA
4477
NA
NA
NA
NA
11364421
16720766
262093
NA
NA
5081913
NA
11178236
25183872
5311
NA
5494449
15547703
7251185
62969
5288382
NA
5284616
NA
NA
NA
5284373
NA
NA
448042
NA
NA
42626405
47936
NA
53230011
NA
NA
11657687
NA
NA
42623900
NA
NA
NA
NA
10410894
NA
16722836
119607
NA
NA
NA
753704
NA
11351021
637858
NA
NA
NA
NA
11296282
11353973
4477
NA
NA
5289247
10077147
NA
NA
NA
NA
NA
16741
NA
NA
3955
25105715
NA
NA
NA
262093
NA
NA
NA
NA
11292680
5730
5081913
NA
NA
5311
5311
NA
7251185
NA
NA
NA
NA
702558
NA
NA
NA
6851947
2949965
5591
NA
NA
NA
NA
NA
NA
NA
NA
NA
NA
5280436
NA
761523
NA
NA
NA
NA
NA
NA
NA
NA
NA
NA
7108
NA
NA
25105715
NA
46930998
262093
25154867
NA
5284329
5730
969516
3396
25183872
NA
5311
NA
11960529
NA
NA
NA
4485
2949965
NA
NA
5288382
NA
NA
NA
NA
NA
NA
6917864
42626405
442088
NA
312145
NA
NA
9840076
16362
NA
42623900
NA
9927531
NA
NA
72376
NA
445643
NA
NA
NA
NA
16722836
119607
24785538
NA
24775005
NA
753704
NA
637858
NA
24905154
NA
11296282
NA
4477
NA
NA
5289247
10077147
NA
9903786
NA
NA
25232708
NA
NA
NA
176158
NA
25105715
NA
11364421
NA
NA
16736978
16720766
NA
NA
25262965
NA
NA
5284329
5730
NA
39562
25183872
5311
7251185
NA
NA
NA
NA
NA
NA
6857685
NA
62969
NA
NA
5288382
NA
5284616
NA
NA
NA
NA
5284373
NA
NA
NA
NA
42626405
442088
47936
312145
53230011
24199313
409805
73364
NA
9840076
16362
NA
NA
NA
NA
NA
NA
NA
5280436
11640390
445643
NA
NA
NA
NA
NA
119607
24785538
NA
NA
NA
11984591
753704
11351021
NA
NA
NA
NA
NA
638278
11353973
4477
NA
NA
NA
5289247
2063
NA
NA
9903786
NA
NA
NA
NA
NA
176158
NA
5329103
NA
3955
4713
253078
NA
11364421
NA
16720766
46930998
NA
NA
NA
25262965
NA
NA
NA
11292680
5730
969516
5081913
NA
11178236
3396
53230011
NA
5311
5311
NA
300471
25154868
NA
5494449
NA
NA
9826308
NA
3035714
15547703
6851947
NA
NA
9929138
7251185
6857685
2949965
NA
NA
NA
NA
NA
42626405
NA
24199313
5284616
NA
NA
NA
NA
NA
5280436
NA
NA
NA
637858
11353973
NA
NA
NA
NA
NA
NA
969516
5311
300471
NA
NA
NA
9929138
2949965
NA
5288382
NA
NA
NA
5284373
NA
NA
312145
5284616
11657687
9840076
NA
NA
NA
NA
NA
NA
NA
5280436
NA
NA
5276890
NA
NA
637858
NA
NA
NA
NA
NA
NA
NA
NA
NA
16741
NA
NA
5329103
NA
25105715
NA
16720766
NA
46930998
NA
NA
5730
5081913
NA
11178236
3396
4055
25183872
NA
5311
7251185
300471
25154868
NA
5494449
NA
NA
NA
15547703
NA
NA
6851947
NA
2949965
NA
5288382
452548
5284373
NA
NA
NA
6917864
NA
NA
42626405
NA
53230011
NA
11657687
NA
9840076
16362
NA
NA
42623900
NA
NA
9927531
NA
NA
NA
10410894
72376
2126
NA
NA
NA
11640390
445643
NA
NA
NA
NA
24785538
NA
NA
NA
24775005
NA
11984591
753704
NA
11351021
637858
NA
NA
3397
NA
NA
NA
25195348
638278
11353973
4477
NA
NA
5289247
NA
NA
NA
NA
NA
NA
NA
NA
NA
NA
5329103
NA
NA
NA
253078
NA
11364421
NA
NA
16720766
46930998
262093
45358157
NA
NA
25154867
NA
NA
25262965
NA
NA
NA
11292680
5284329
5730
NA
3396
4055
53230011
25183872
5311
NA
NA
25154868
NA
5494449
NA
NA
NA
9826308
NA
3035714
15547703
NA
6851947
2733525
NA
7251185
NA
60823
2949965
NA
NA
5288382
NA
NA
452548
NA
NA
NA
NA
NA
NA
42626405
47936
NA
312145
53230011
24199313
5284616
73364
11657687
42623900
NA
NA
9927531
NA
NA
NA
72376
11640390
445643
NA
NA
119607
24785538
NA
60750
NA
6099
NA
74890097
NA
24775005
NA
11351021
NA
NA
NA
24905154
NA
11296282
638278
11353973
4477
NA
NA
NA
NA
10077147
NA
9903786
NA
NA
NA
NA
16741
NA
NA
3854666
25105715
NA
NA
11364421
NA
46930998
262093
45358157
NA
NA
11292680
5730
969516
5081913
NA
NA
11178236
NA
3396
4055
53230011
NA
NA
5311
7251185
300471
25154868
NA
NA
5494449
NA
NA
NA
6851947
NA
7251185
NA
NA
5288382
NA
NA
452548
NA
NA
NA
24199313
5284616
409805
11657687
NA
NA
NA
72376
NA
NA
NA
16722836
753704
NA
NA
NA
NA
4477
NA
5289247
NA
10077147
9903786
NA
NA
NA
NA
NA
NA
NA
NA
NA
NA
NA
NA
25262965
NA
969516
11178236
3396
4055
25183872
5311
5311
7251185
300471
NA
NA
9826308
15547703
NA
NA
7251185
NA
5288382
41114
NA
NA
42626405
11657687
NA
9840076
NA
NA
NA
72376
761523
119607
NA
NA
637858
NA
NA
NA
10077147
NA
NA
NA
NA
25262965
46901937
11178236
NA
5311
NA
NA
7251185
6857685
NA
NA
16362
NA
NA
NA
72376
NA
NA
16722836
74890097
NA
NA
NA
NA
NA
4055
5311
7251185
NA
NA
2949965
NA
NA
NA
NA
NA
NA
NA
42626405
NA
53230011
11657687
NA
NA
NA
NA
5280436
NA
60750
NA
NA
753704
NA
NA
NA
NA
NA
132449
NA
NA
NA
NA
5289247
148198
10077147
NA
9903786
NA
NA
NA
11364421
16736978
46930998
NA
NA
NA
11292680
5730
969516
5081913
NA
53230011
5311
5311
NA
7251185
25154868
NA
NA
NA
702558
NA
6851947
NA
NA
4497
409805
NA
9927531
NA
72376
24785538
4201
NA
74890097
753704
637858
NA
NA
NA
NA
NA
3955
3854666
253078
NA
NA
NA
969516
5081913
NA
3396
NA
5311
11960529
NA
NA
NA
NA
452548
NA
NA
NA
NA
42626405
NA
312145
53230011
409805
11657687
NA
26596
42623900
NA
NA
72376
5280436
NA
NA
119607
NA
74890097
NA
753704
11351021
NA
NA
NA
NA
24905154
NA
25195348
11353973
NA
NA
10077147
NA
62853
NA
NA
NA
NA
11364421
16736978
NA
25262965
NA
11292680
5081913
NA
4055
53230011
5311
5311
7251185
300471
NA
3035714
15547703
NA
7251185
NA
NA
NA
NA
NA
NA
42623900
NA
16722836
637858
NA
NA
5730
NA
4055
53230011
5311
NA
NA
7251185
NA
5288382
NA
NA
NA
NA
NA
312145
53230011
11657687
9840076
NA
72376
5280436
NA
637858
NA
NA
132449
NA
NA
NA
NA
NA
262093
NA
NA
NA
969516
5081913
53230011
5311
5311
7251185
NA
NA
6851947
NA
7251185
2949965
NA
NA
NA
11214940
41114
NA
55283
NA
NA
NA
NA
6917864
NA
NA
NA
NA
NA
NA
312145
NA
3476986
5284616
73364
9865387
9840076
NA
NA
NA
NA
NA
NA
9927531
NA
NA
NA
10410894
NA
NA
NA
NA
119607
24785538
4201
60750
6099
NA
NA
NA
NA
NA
11351021
NA
5280453
NA
NA
132449
24905154
25195348
NA
638278
NA
NA
NA
NA
NA
NA
NA
NA
NA
NA
NA
NA
NA
NA
NA
NA
NA
25105715
NA
NA
16736978
16720766
NA
46930998
262093
NA
25262965
NA
11292680
5730
969516
NA
4055
53230011
NA
NA
NA
25154868
NA
5494449
NA
66064
3035714
6851947
NA
7251185
60823
NA
2949965
5591
NA
NA
NA
NA
NA
452548
6917864
NA
NA
NA
NA
42626405
5284616
409805
73364
9865387
NA
NA
42623900
NA
9927531
NA
NA
NA
10410894
72376
5280436
445643
NA
NA
60750
33630
NA
6099
NA
NA
NA
11984591
753704
NA
NA
NA
NA
24905154
NA
NA
11353973
4477
NA
NA
NA
NA
10077147
NA
9903786
NA
NA
16741
15951529
NA
NA
NA
11364421
NA
NA
NA
46930998
262093
NA
11292680
5730
969516
5081913
NA
11178236
53230011
25183872
5311
NA
NA
NA
NA
66064
15547703
NA
6857685
NA
2949965
NA
5288382
NA
9782
452548
NA
5284373
NA
NA
312145
24199313
9840076
NA
42623900
NA
NA
NA
NA
NA
NA
NA
16722836
NA
NA
NA
NA
NA
NA
NA
4477
NA
NA
5289247
10077147
NA
NA
NA
NA
NA
NA
NA
176158
NA
25105715
NA
NA
253078
16736978
46930998
262093
45358157
NA
NA
NA
NA
NA
39562
NA
NA
NA
NA
3035714
15547703
NA
6851947
9929138
NA
7251185
NA
62969
NA
NA
NA
312145
NA
NA
5280436
NA
NA
761523
16722836
NA
54454
NA
4477
NA
25183872
NA
5311
25154868
NA
NA
7251185
2949965
NA
NA
NA
NA
312145
53230011
11657687
9840076
NA
NA
NA
NA
NA
11984591
NA
NA
24905154
11353973
4477
NA
NA
NA
NA
NA
5329103
NA
NA
NA
NA
NA
NA
4055
25183872
5311
5311
7251185
NA
NA
7251185
NA
5288382
NA
41114
NA
NA
NA
42626405
NA
312145
24199313
5426
16362
9927531
NA
NA
72376
NA
NA
74890097
NA
637858
NA
11296282
11353973
NA
10077147
NA
NA
NA
NA
3955
25105715
11364421
NA
NA
969516
5081913
11178236
3396
25183872
NA
5494449
NA
3035714
NA
NA
9929138
7251185
NA
5288382
452548
NA
42626405
NA
312145
53230011
9840076
NA
NA
NA
24785538
NA
NA
5276890
11351021
NA
637858
NA
24905154
NA
10077147
NA
NA
NA
3955
NA
11364421
NA
NA
NA
NA
5730
969516
NA
11178236
53230011
25183872
NA
7251185
NA
NA
9929138
NA
NA
5288382
NA
NA
5284373
NA
NA
312145
5284616
42623900
NA
NA
NA
NA
NA
NA
NA
24775005
NA
753704
NA
NA
NA
638278
NA
NA
10077147
NA
NA
NA
NA
3854666
NA
11364421
262093
NA
NA
5081913
NA
5311
NA
NA
5494449
702558
NA
3035714
15547703
NA
6851947
9929138
7251185
NA
NA
NA
42626405
53230011
NA
72376
NA
NA
NA
NA
11364421
NA
25183872
5311
7251185
NA
NA
NA
5288382
NA
NA
NA
53230011
11657687
NA
NA
72376
5280436
NA
16722836
60750
NA
753704
11296282
NA
16741
NA
NA
NA
16720766
NA
NA
NA
3396
4055
NA
NA
9929138
7251185
2949965
NA
NA
NA
NA
NA
42626405
312145
24199313
NA
NA
NA
72376
NA
NA
74890097
11984591
637858
11353973
NA
5289247
9903786
NA
NA
NA
25105715
NA
4055
39562
53230011
5311
NA
4485
9929138
NA
7251185
NA
NA
NA
5288382
NA
NA
NA
24199313
NA
NA
NA
16722836
NA
637858
11353973
NA
5329103
11364421
4055
5311
NA
NA
NA
72376
74890097
969516
NA
NA
NA
NA
42626405
NA
NA
72376
5280436
NA
NA
NA
NA
637858
NA
24905154
5289247
2063
10077147
NA
5329103
11364421
NA
969516
NA
4055
5311
NA
300471
NA
NA
NA
2949965
NA
NA
41114
NA
55283
NA
NA
NA
NA
60490
NA
NA
NA
53230011
24199313
5284616
NA
NA
73364
11657687
9840076
NA
NA
42623900
NA
9927531
NA
10410894
72376
NA
NA
NA
NA
16722836
NA
119607
24785538
NA
60750
74890097
NA
NA
11984591
753704
11351021
NA
637858
NA
NA
NA
11296282
NA
NA
NA
5289247
NA
10077147
NA
NA
NA
NA
NA
NA
16741
NA
NA
176158
NA
NA
3854666
NA
NA
NA
NA
262093
NA
NA
25262965
NA
NA
5284329
5730
5081913
NA
NA
39562
53230011
25183872
NA
NA
NA
5311
5311
NA
7251185
300471
NA
NA
6914657
NA
5494449
NA
NA
NA
NA
15547703
NA
6851947
NA
2733525
4485
7251185
NA
NA
2949965
NA
NA
5288382
NA
NA
5284616
41114
NA
55283
452548
NA
NA
NA
NA
312145
53230011
73364
NA
NA
42623900
NA
9927531
NA
NA
10410894
72376
5280436
11640390
445643
NA
NA
NA
NA
NA
6099
NA
NA
24775005
NA
NA
NA
44197249
NA
NA
NA
11296282
11353973
NA
5289247
10077147
NA
NA
NA
67278
NA
NA
15951529
176158
NA
NA
NA
NA
NA
16720766
NA
262093
NA
NA
NA
NA
NA
5730
5081913
NA
11178236
4055
39562
25183872
NA
5311
300471
NA
NA
NA
702558
9826308
NA
NA
NA
9929138
6857685
60823
NA
NA
42626405
312145
NA
NA
11364421
NA
NA
NA
NA
5288382
NA
5284373
NA
NA
NA
NA
NA
47936
409805
9840076
NA
42623900
NA
NA
9927531
NA
10410894
NA
761523
NA
NA
NA
753704
11351021
NA
NA
NA
NA
11296282
638278
NA
NA
5289247
NA
NA
NA
NA
NA
NA
3854666
NA
NA
NA
NA
11364421
NA
NA
25262965
NA
5730
969516
NA
23663390
4055
53230011
25183872
NA
NA
5311
NA
11960529
5494449
3035714
15547703
6851947
6857685
NA
NA
NA
NA
NA
NA
NA
NA
NA
NA
NA
NA
NA
NA
969516
5311
NA
2949965
NA
41114
NA
5284373
NA
NA
6917864
NA
NA
5284616
11657687
NA
NA
9927531
NA
NA
10410894
NA
NA
NA
NA
NA
NA
NA
NA
NA
11351021
NA
24905154
NA
11353973
4477
NA
NA
NA
NA
NA
NA
NA
NA
NA
11364421
16720766
46930998
NA
NA
NA
5730
969516
5081913
4055
9576787
NA
NA
NA
NA
NA
NA
9929138
NA
NA
NA
NA
NA
55283
452548
NA
NA
NA
NA
NA
42626405
53230011
5284616
409805
NA
NA
9840076
NA
NA
26596
NA
NA
NA
NA
NA
NA
10410894
5280436
11640390
NA
NA
NA
24785538
NA
6099
NA
24775005
11984591
753704
NA
11351021
637858
NA
NA
24905154
NA
NA
NA
NA
NA
NA
NA
NA
NA
NA
NA
NA
11364421
NA
16736978
45358157
25262965
NA
11292680
969516
5081913
NA
4055
25183872
5311
5311
25154868
NA
NA
3035714
15547703
6851947
9929138
6857685
NA
NA
NA
NA
452548
5284373
NA
448042
NA
42626405
47936
312145
24199313
5284616
11657687
NA
NA
5280436
NA
NA
NA
24785538
NA
60750
33630
6099
74890097
NA
24775005
11984591
753704
637858
NA
NA
NA
NA
25195348
11296282
638278
11353973
NA
NA
5289247
NA
10077147
NA
NA
NA
NA
NA
NA
NA
5329103
NA
3955
NA
NA
NA
NA
NA
16720766
NA
46930998
45358157
NA
NA
25262965
NA
NA
NA
11292680
5730
5081913
NA
11178236
4055
NA
5311
300471
NA
11960529
NA
66064
9826308
NA
NA
15547703
NA
NA
NA
9929138
7251185
6857685
NA
NA
NA
5288382
NA
NA
60490
NA
42626405
NA
5284616
409805
11657687
NA
42623900
NA
9927531
10410894
72376
NA
NA
11351021
NA
11296282
4477
NA
NA
NA
NA
NA
NA
NA
NA
NA
NA
45358157
NA
NA
NA
25262965
NA
5730
4055
25183872
NA
5311
7251185
NA
NA
NA
NA
NA
5288382
NA
NA
44143703
NA
NA
NA
NA
NA
NA
NA
NA
NA
NA
NA
NA
NA
2265
NA
NA
NA
NA
NA
NA
NA
NA
NA
NA
NA
NA
NA
NA
NA
NA
NA
NA
NA
NA
NA
NA
NA
NA
667639
NA
NA
NA
NA
NA
NA
5288382
NA
NA
NA
9840076
NA
NA
NA
NA
NA
NA
NA
NA
NA
NA
NA
NA
NA
NA
5311
NA
NA
NA
NA
NA
NA
312145
NA
44143703
NA
NA
NA
NA
NA
NA
NA
NA
NA
NA
NA
NA
NA
NA
NA
NA
NA
NA
NA
NA
NA
NA
NA
NA
NA
5288382
NA
NA
312145
NA
NA
13927312
NA
NA
755673
NA
NA
NA
NA
NA
NA
NA
NA
NA
NA
NA
NA
NA
NA
NA
NA
NA
NA
NA
NA
NA
NA
5311
NA
NA
NA
NA
NA
NA
NA
NA
5288382
NA
NA
NA
NA
44143703
NA
NA
NA
NA
NA
NA
NA
NA
NA
NA
NA
NA
NA
NA
NA
NA
NA
NA
NA
NA
NA
NA
NA
NA
5311
NA
NA
NA
NA
667639
NA
NA
NA
NA
NA
NA
5288382
NA
NA
NA
NA
NA
NA
NA
NA
NA
NA
NA
NA
5311
667639
NA
NA
NA
NA
NA
NA
312145
NA
NA
NA
NA
NA
NA
5311
NA
NA
NA
NA
NA
5288382
NA
NA
NA
NA
NA
NA
312145
NA
NA
NA
NA
NA
NA
NA
NA
NA
NA
NA
NA
NA
NA
NA
NA
NA
2265
NA
NA
NA
NA
NA
NA
NA
NA
NA
NA
NA
NA
NA
NA
NA
NA
NA
NA
NA
NA
NA
NA
NA
312145
9840076
NA
NA
NA
NA
NA
NA
NA
NA
NA
NA
NA
5311
NA
NA
5288382
NA
NA
NA
NA
312145
NA
NA
NA
NA
NA
NA
NA
NA
NA
NA
NA
NA
NA
NA
NA
NA
NA
NA
312145
NA
NA
NA
NA
NA
NA
NA
NA
NA
NA
NA
5311
NA
NA
NA
NA
NA
NA
NA
NA
NA
NA
NA
NA
NA
NA
NA
NA
NA
NA
NA
NA
NA
NA
NA
NA
5311
NA
NA
NA
NA
NA
NA
NA
NA
312145
NA
NA
NA
NA
NA
NA
NA
NA
NA
NA
NA
NA
5311
NA
NA
NA
NA
NA
NA
NA
NA
312145
NA
NA
NA
NA
NA
NA
NA
NA
NA
NA
NA
NA
NA
NA
NA
NA
NA
5288382
NA
NA
NA
NA
NA
NA
312145
NA
NA
NA
NA
NA
755673
NA
NA
NA
NA
NA
NA
NA
NA
NA
NA
NA
NA
NA
NA
NA
NA
NA
4938
NA
NA
NA
NA
NA
NA
NA
NA
NA
11595431
NA
NA
NA
NA
NA
NA
5311
NA
NA
NA
NA
NA
NA
NA
NA
NA
NA
NA
NA
NA
NA
NA
NA
NA
NA
NA
NA
NA
NA
NA
NA
NA
NA
NA
NA
NA
NA
NA
NA
NA
NA
NA
NA
NA
NA
NA
NA
NA
NA
NA
NA
NA
NA
NA
NA
5311
NA
NA
NA
NA
NA
NA
NA
NA
NA
NA
NA
NA
NA
NA
NA
NA
NA
NA
NA
NA
NA
NA
NA
NA
NA
NA
NA
NA
NA
NA
NA
NA
NA
NA
NA
NA
NA
NA
NA
NA
NA
NA
NA
NA
NA
NA
NA
NA
NA
NA
NA
NA
NA
NA
NA
NA
NA
NA
NA
NA
NA
NA
NA
NA
NA
NA
NA
NA
NA
NA
NA
NA
NA
NA
NA
NA
NA
NA
NA
NA
NA
NA
NA
NA
NA
NA
NA
NA
NA
NA
NA
NA
NA
NA
NA
NA
NA
NA
NA
NA
NA
NA
NA
NA
NA
NA
NA
NA
NA
NA
NA
NA
NA
NA
NA
NA
NA
NA
NA
NA
NA
NA
NA
NA
NA
NA
NA
NA
NA
NA
NA
NA
NA
NA
5311
NA
NA
NA
NA
NA
NA
NA
5288382
NA
NA
NA
NA
NA
NA
NA
NA
NA
NA
NA
NA
NA
NA
NA
NA
NA
NA
NA
NA
NA
NA
NA
NA
NA
NA
5311
NA
NA
NA
NA
NA
5288382
NA
NA
NA
312145
NA
NA
NA
NA
NA
NA
NA
NA
NA
NA
NA
NA
NA
NA
NA
NA
NA
NA
NA
NA
NA
NA
NA
NA
NA
NA
NA
NA
NA
NA
NA
NA
NA
NA
NA
NA
NA
NA
NA
NA
NA
5288382
NA
NA
NA
NA
NA
NA
NA
312145
NA
NA
NA
NA
NA
NA
NA
NA
NA
NA
NA
NA
NA
NA
NA
NA
NA
NA
NA
NA
NA
NA
NA
NA
NA
NA
NA
NA
NA
NA
NA
NA
NA
NA
NA
NA
NA
NA
NA
NA
NA
NA
NA
NA
NA
NA
NA
NA
NA
NA
NA
NA
NA
NA
NA
NA
NA
NA
NA
5311
NA
NA
NA
NA
NA
NA
NA
NA
NA
NA
NA
NA
NA
NA
5288382
NA
NA
NA
NA
NA
NA
NA
NA
NA
NA
NA
NA
NA
NA
NA
NA
NA
NA
NA
NA
NA
NA
NA
NA
NA
NA
NA
NA
NA
NA
NA
NA
NA
NA
5311
NA
NA
NA
NA
NA
NA
NA
5288382
NA
NA
NA
NA
NA
NA
NA
NA
NA
NA
NA
NA
NA
NA
NA
NA
NA
NA
NA
NA
NA
NA
NA
NA
NA
NA
5288382
NA
NA
NA
NA
NA
NA
NA
NA
NA
NA
NA
NA
NA
NA
NA
NA
NA
NA
NA
NA
NA
NA
NA
NA
NA
NA
NA
NA
NA
NA
NA
NA
NA
NA
NA
NA
NA
5311
NA
NA
NA
NA
NA
NA
NA
NA
NA
NA
NA
NA
NA
5288382
NA
NA
NA
NA
NA
NA
NA
NA
NA
NA
NA
NA
NA
NA
NA
NA
NA
NA
NA
NA
NA
5311
NA
NA
NA
NA
5288382
NA
NA
NA
NA
NA
NA
NA
NA
NA
NA
NA
NA
NA
NA
NA
NA
NA
NA
NA
NA
NA
NA
NA
NA
NA
NA
NA
NA
NA
NA
NA
NA
NA
NA
NA
NA
NA
NA
5288382
NA
NA
NA
NA
312145
NA
NA
NA
NA
NA
NA
NA
NA
NA
NA
NA
NA
NA
NA
NA
NA
NA
NA
NA
NA
NA
NA
NA
NA
NA
NA
NA
NA
NA
NA
NA
NA
NA
NA
5311
NA
NA
NA
NA
NA
NA
NA
NA
NA
NA
NA
5288382
NA
NA
312145
NA
NA
NA
NA
NA
NA
NA
NA
NA
NA
NA
NA
NA
NA
NA
NA
NA
NA
NA
NA
NA
NA
NA
941651
NA
NA
NA
NA
5311
NA
NA
NA
5288382
NA
NA
312145
NA
NA
NA
NA
NA
NA
NA
NA
NA
NA
NA
NA
NA
NA
NA
NA
NA
NA
5311
NA
NA
NA
NA
NA
NA
NA
5288382
312145
NA
NA
NA
NA
1505783
NA
NA
NA
NA
NA
NA
NA
NA
NA
NA
NA
941651
NA
NA
NA
NA
5311
NA
NA
NA
NA
NA
NA
NA
NA
NA
NA
NA
NA
NA
NA
NA
NA
NA
NA
NA
NA
NA
NA
NA
NA
60606
NA
NA
NA
NA
NA
NA
NA
NA
NA
NA
NA
941651
NA
NA
NA
NA
NA
NA
NA
NA
NA
NA
NA
NA
2145
9782
312145
37542
NA
NA
NA
NA
NA
NA
NA
6323497
NA
NA
NA
NA
NA
NA
NA
NA
NA
NA
NA
NA
2145
62857
NA
NA
NA
NA
53232
NA
NA
NA
NA
NA
NA
NA
1505783
NA
NA
NA
NA
60606
NA
NA
NA
NA
NA
NA
NA
NA
82153
NA
NA
NA
NA
NA
NA
NA
NA
NA
NA
NA
5311
NA
NA
NA
NA
NA
NA
NA
NA
NA
NA
NA
NA
NA
5288382
NA
NA
5379
NA
NA
NA
NA
NA
NA
60606
6323497
NA
NA
2022
NA
NA
NA
NA
NA
NA
NA
NA
NA
NA
NA
NA
NA
NA
NA
NA
NA
NA
5288382
NA
312145
NA
NA
NA
NA
NA
NA
NA
NA
1505783
NA
NA
NA
60606
NA
NA
NA
NA
82153
NA
NA
NA
NA
NA
941651
NA
NA
NA
NA
NA
NA
NA
NA
NA
NA
NA
NA
NA
NA
NA
NA
NA
NA
5288382
NA
9782
NA
NA
NA
312145
NA
NA
NA
NA
53232
NA
NA
NA
NA
NA
NA
NA
NA
NA
NA
NA
NA
941651
NA
NA
NA
NA
NA
NA
NA
NA
NA
NA
NA
NA
NA
NA
NA
5152
NA
NA
5288382
312145
NA
NA
NA
2662
NA
NA
NA
53232
NA
NA
NA
NA
NA
NA
NA
NA
NA
NA
NA
NA
2022
NA
NA
NA
NA
NA
NA
NA
NA
NA
NA
NA
NA
NA
NA
NA
5311
NA
NA
NA
NA
NA
NA
NA
NA
5288382
NA
312145
NA
NA
NA
1505783
NA
NA
NA
NA
82153
NA
NA
NA
5311
NA
NA
NA
NA
5152
NA
5288382
57501259
2145
62857
9782
NA
5742673
NA
NA
NA
NA
2662
60825
NA
53232
NA
NA
NA
NA
NA
NA
NA
60606
NA
NA
82153
NA
NA
NA
NA
NA
NA
5311
NA
NA
20469
NA
5288382
285033
NA
NA
312145
NA
NA
3194
NA
NA
457193
NA
20279
NA
NA
NA
NA
NA
NA
5753
NA
NA
NA
5288382
NA
NA
NA
NA
NA
NA
20469
NA
NA
NA
5288382
285033
NA
NA
312145
NA
NA
NA
45157477
5311067
NA
NA
NA
NA
457193
NA
5311
NA
20279
10631
NA
NA
NA
NA
NA
NA
NA
NA
NA
NA
NA
NA
NA
NA
NA
NA
NA
NA
NA
NA
NA
5311
NA
NA
NA
NA
NA
NA
NA
NA
285033
NA
NA
NA
NA
NA
NA
NA
457193
NA
NA
20279
NA
NA
NA
285033
NA
NA
NA
NA
NA
312145
NA
NA
5311371
NA
17400500
45157477
NA
NA
NA
NA
NA
NA
NA
NA
NA
NA
NA
NA
NA
NA
457193
NA
NA
NA
5311
NA
104758
NA
NA
NA
NA
NA
5288382
285033
NA
312145
NA
NA
NA
45157477
NA
NA
NA
NA
457193
NA
NA
5311
NA
NA
NA
NA
NA
NA
NA
312145
NA
NA
NA
NA
NA
NA
NA
NA
NA
NA
NA
5311
NA
104758
NA
20279
NA
NA
NA
5288382
285033
NA
312145
NA
NA
NA
NA
NA
NA
5311
NA
NA
20279
NA
NA
NA
NA
NA
5288382
NA
442544
312145
NA
NA
NA
NA
NA
NA
NA
NA
NA
NA
6335412
NA
NA
NA
NA
NA
NA
NA
53389
457193
NA
NA
5311
104758
NA
NA
10631
NA
5288382
NA
NA
3156
NA
NA
NA
NA
NA
NA
NA
457193
NA
NA
5311
10631
NA
312145
107985
445643
65057
5311
NA
NA
312145
126280
60837
NA
NA
NA
6253
9865442
NA
126941
148124
NA
5311
5978
5311497
NA
5288382
412
312145
57363
NA
NA
NA
5362436
NA
1549000
NA
107985
445643
5284583
NA
5288783
3749
NA
441401
5311
130881
NA
NA
107985
5311
NA
312145
9865387
NA
3117
65057
NA
40839
5311
5978
35802
NA
NA
5288382
5362436
107985
NA
NA
11213569
5311
5311497
NA
5311217
312145
9865387
56959
NA
60837
2812
NA
5353853
2118
6253
9846332
3476
3686
13505
NA
65057
40839
3749
441401
5280804
65999
64143
NA
6917864
35802
NA
5281727
64715
72303
5288382
NA
312145
9865387
NA
107985
3410
NA
5717
41684
2585
5281034
5092
5497186
NA
3883
60490
NA
5597
312145
2083
2378
60825
NA
60837
NA
149096
5311221
2577
1548943
5359405
11683
5362436
16960
5353853
4614
6253
NA
60198
55245
3686
13765
9865442
445643
NA
2690
5284583
NA
2794
3749
3034010
441401
NA
64143
46782916
5978
3366
3947
124087
5281643
5362129
64715
439533
439533
41684
3373
3958
NA
5281034
55283
60490
4205
126280
4235
60837
5311221
NA
5757
5362436
6253
55245
NA
3410
NA
148124
5994
3961
65999
64143
46782916
3947
229021
439533
NA
NA
NA
NA
5288382
NA
NA
NA
NA
312145
NA
NA
NA
NA
NA
NA
NA
NA
NA
NA
NA
NA
NA
NA
NA
NA
NA
NA
7171911
NA
NA
NA
NA
NA
6173479
NA
NA
NA
NA
NA
NA
NA
5311
NA
NA
NA
NA
NA
NA
NA
NA
NA
6918837
NA
NA
NA
NA
NA
5288382
NA
6918837
NA
NA
NA
NA
NA
NA
NA
7171911
NA
NA
NA
NA
2744062
NA
5288382
NA
312145
NA
NA
6918837
755673
NA
NA
NA
NA
NA
610086
NA
NA
17400499
NA
NA
NA
NA
NA
NA
NA
NA
NA
NA
6173479
NA
NA
NA
NA
NA
NA
NA
NA
NA
NA
NA
NA
NA
NA
NA
NA
5288382
NA
NA
NA
NA
NA
312145
NA
NA
NA
NA
NA
NA
NA
NA
77004
NA
NA
NA
755405
NA
NA
2743956
NA
NA
NA
NA
NA
NA
NA
NA
NA
NA
NA
NA
5311
NA
NA
NA
NA
NA
NA
NA
NA
5288382
NA
NA
NA
16761160
NA
NA
610086
NA
NA
NA
NA
NA
755405
NA
NA
NA
NA
NA
NA
NA
NA
5311
NA
NA
NA
NA
NA
NA
NA
5288382
NA
NA
NA
NA
NA
NA
NA
NA
NA
NA
610086
NA
NA
NA
NA
NA
NA
NA
NA
NA
NA
NA
NA
NA
NA
NA
NA
NA
NA
NA
NA
NA
NA
NA
NA
NA
NA
NA
NA
NA
NA
NA
NA
NA
2744062
NA
NA
NA
NA
NA
NA
NA
2820633
NA
NA
NA
NA
NA
NA
NA
NA
NA
NA
NA
NA
17400500
NA
NA
NA
NA
NA
NA
61053
448013
NA
NA
NA
NA
NA
NA
NA
NA
NA
NA
NA
NA
NA
NA
NA
NA
5311
NA
NA
NA
NA
NA
NA
NA
NA
NA
NA
NA
NA
NA
NA
NA
NA
NA
NA
312145
NA
6918837
NA
NA
NA
610086
NA
NA
NA
NA
NA
NA
NA
NA
NA
NA
755405
NA
NA
NA
NA
NA
NA
NA
NA
NA
5311
NA
NA
NA
NA
NA
NA
NA
2744062
NA
5288382
NA
NA
NA
6918837
NA
NA
610086
NA
755405
NA
NA
NA
NA
NA
NA
NA
NA
NA
NA
NA
NA
49814173
NA
2824173
NA
NA
NA
755405
NA
NA
NA
6173479
NA
NA
NA
NA
NA
NA
NA
NA
NA
NA
NA
2744062
NA
NA
5288382
NA
NA
NA
NA
NA
NA
6918837
NA
NA
NA
610086
NA
NA
NA
NA
NA
NA
NA
NA
NA
NA
NA
7171911
NA
NA
NA
NA
NA
NA
NA
NA
NA
NA
NA
NA
NA
NA
NA
NA
NA
NA
NA
NA
NA
NA
NA
NA
NA
5288382
NA
NA
NA
NA
NA
312145
NA
6918837
NA
NA
NA
NA
NA
NA
610086
49814173
NA
NA
NA
NA
NA
NA
NA
NA
NA
NA
NA
755405
NA
NA
NA
NA
NA
NA
NA
NA
NA
NA
NA
NA
5311
NA
NA
NA
NA
NA
NA
NA
NA
NA
NA
NA
6918837
NA
NA
NA
NA
7171911
NA
NA
NA
NA
NA
NA
NA
NA
NA
6918837
NA
NA
NA
NA
NA
NA
NA
NA
NA
NA
5311
NA
NA
NA
NA
NA
NA
NA
NA
5288382
NA
NA
NA
NA
NA
NA
312145
NA
6918837
755673
NA
NA
NA
NA
NA
NA
NA
610086
NA
NA
NA
49814173
NA
2824173
17400500
NA
NA
755405
NA
448013
NA
NA
17564913
NA
NA
NA
NA
NA
NA
NA
NA
NA
5311
NA
NA
NA
NA
NA
NA
NA
NA
NA
NA
2744062
NA
NA
NA
NA
NA
NA
NA
NA
312145
NA
NA
NA
NA
NA
NA
755405
NA
NA
NA
17564913
NA
NA
NA
NA
NA
NA
NA
NA
5311
NA
NA
NA
NA
NA
NA
5288382
NA
NA
312145
NA
NA
NA
5330790
NA
NA
24180719
71271629
NA
406563
NA
NA
NA
NA
23696523
NA
NA
NA
NA
NA
NA
NA
NA
50515
NA
NA
NA
NA
NA
6851740
NA
NA
NA
NA
NA
NA
NA
NA
NA
NA
NA
NA
NA
NA
NA
NA
NA
NA
NA
NA
11442891
5330790
NA
NA
46930996
71271629
NA
NA
NA
23696523
9877265
NA
NA
5790
NA
NA
NA
16736529
674282
NA
NA
NA
6851740
10184653
NA
24995523
NA
NA
NA
NA
NA
NA
NA
NA
71683592
NA
NA
5330790
46930996
71271629
11591741
NA
NA
NA
NA
NA
NA
NA
NA
NA
NA
NA
5311
NA
NA
6732844
NA
NA
10367662
NA
312145
NA
NA
11442891
NA
5330790
NA
NA
71271629
6918638
NA
NA
406563
NA
11520894
NA
NA
NA
5790
NA
NA
NA
NA
NA
NA
6851740
10184653
NA
NA
NA
NA
NA
NA
NA
24995523
NA
NA
NA
4261
NA
NA
5311
9824562
NA
NA
NA
NA
NA
NA
5288382
NA
NA
NA
NA
NA
11442891
5330790
NA
46930996
NA
71271629
6918638
NA
406563
NA
NA
NA
NA
NA
NA
NA
NA
NA
NA
24995523
670967
NA
NA
NA
5311
NA
NA
NA
NA
NA
NA
NA
NA
NA
NA
5288382
NA
NA
NA
5330790
NA
NA
46930996
NA
NA
71271629
6918638
NA
NA
406563
NA
NA
NA
NA
NA
NA
NA
6851740
10184653
NA
NA
NA
NA
NA
NA
NA
NA
NA
NA
5311
NA
NA
NA
NA
NA
NA
NA
NA
NA
5288382
NA
NA
312145
NA
NA
NA
NA
2819320
5330790
NA
NA
NA
24180719
71271629
406563
11178236
NA
NA
NA
23696523
NA
NA
NA
NA
NA
NA
NA
16736529
151170
NA
10427712
10184653
NA
NA
24995523
NA
4261
NA
NA
NA
NA
NA
NA
NA
NA
NA
NA
312145
25124816
NA
NA
NA
NA
71271629
NA
NA
NA
NA
NA
406563
11178236
NA
11520894
NA
NA
NA
NA
NA
NA
NA
NA
NA
NA
6851740
10184653
NA
NA
NA
NA
NA
NA
4261
NA
NA
NA
NA
NA
NA
NA
NA
NA
NA
NA
NA
NA
NA
5288382
71683592
NA
NA
NA
NA
NA
NA
NA
NA
NA
11442891
NA
NA
NA
NA
NA
71271629
6918638
NA
NA
NA
NA
25668960
NA
406563
NA
NA
NA
NA
NA
11520894
NA
NA
NA
9877265
NA
NA
NA
NA
5790
NA
NA
NA
NA
16736529
NA
NA
NA
NA
674282
50515
NA
NA
NA
NA
NA
NA
NA
NA
NA
NA
NA
10184653
NA
NA
NA
NA
24995523
NA
670967
NA
NA
NA
NA
NA
NA
4261
NA
NA
5311
NA
NA
NA
104758
NA
NA
NA
NA
NA
NA
NA
NA
NA
NA
NA
NA
NA
2803185
5288382
NA
312145
NA
NA
5330790
NA
46930996
71271629
NA
NA
406563
11178236
NA
NA
NA
11520894
NA
NA
NA
NA
NA
NA
NA
16736529
NA
NA
NA
NA
NA
NA
NA
NA
NA
NA
NA
NA
670967
NA
NA
NA
NA
NA
NA
NA
NA
NA
NA
NA
NA
NA
NA
NA
NA
NA
NA
NA
NA
NA
6918638
NA
5311
NA
NA
NA
NA
NA
NA
NA
NA
6918638
NA
NA
NA
6450551
9877265
NA
NA
NA
NA
NA
NA
NA
NA
NA
NA
NA
NA
448799
NA
5311
NA
NA
5291
NA
NA
5288382
NA
NA
NA
NA
NA
5330790
NA
NA
46930996
71271629
NA
NA
NA
NA
NA
NA
11520894
NA
NA
NA
NA
5790
NA
16736529
NA
NA
NA
10184653
NA
NA
NA
NA
448799
NA
NA
NA
4261
NA
5311
NA
NA
104758
NA
NA
NA
NA
2803185
NA
NA
NA
NA
NA
11442891
5330790
46930996
11326715
71271629
NA
406563
11178236
11520894
NA
NA
NA
16736529
NA
NA
NA
6851740
10184653
NA
NA
NA
NA
720932
24995523
NA
NA
NA
NA
NA
5311
NA
NA
NA
NA
NA
NA
NA
NA
NA
NA
NA
NA
4423427
NA
NA
NA
NA
NA
11442891
NA
6918638
NA
NA
NA
NA
NA
11178236
NA
NA
NA
NA
NA
NA
NA
16736529
NA
NA
NA
NA
NA
6851740
NA
10184653
NA
NA
NA
NA
NA
NA
4261
NA
NA
NA
NA
NA
NA
NA
NA
NA
71683592
NA
NA
NA
312145
NA
632854
NA
NA
NA
NA
NA
6918638
NA
NA
NA
11520894
6450551
NA
NA
NA
NA
NA
NA
NA
16736529
NA
NA
151170
NA
NA
10184653
NA
441401
NA
NA
NA
NA
NA
5311
9824562
NA
NA
NA
NA
NA
NA
NA
NA
NA
2803185
NA
NA
5288382
NA
71683592
4423427
NA
NA
11442891
NA
NA
NA
NA
46930996
11326715
NA
NA
NA
NA
NA
NA
NA
NA
NA
NA
NA
6851740
NA
NA
NA
NA
NA
4261
NA
NA
5311
9824562
NA
NA
NA
NA
NA
NA
67503
5288382
NA
NA
824405
NA
NA
NA
NA
NA
NA
NA
NA
NA
NA
NA
NA
11234052
8671
NA
NA
NA
NA
NA
NA
NA
NA
NA
156414
NA
NA
NA
NA
NA
NA
NA
NA
NA
NA
NA
NA
NA
176870
NA
44607360
21904636
NA
NA
5282379
998078
906542
5311
NA
NA
NA
9852573
9977819
NA
NA
NA
1893730
NA
5284616
6456015
NA
NA
NA
NA
NA
NA
NA
NA
824405
NA
NA
NA
NA
NA
2815576
NA
NA
NA
NA
NA
10341154
NA
NA
NA
46930999
NA
NA
NA
NA
NA
NA
8671
NA
NA
NA
3550807
NA
NA
NA
NA
NA
NA
NA
NA
NA
NA
NA
NA
10074640
NA
44607360
5282379
44219749
29938005
5311
NA
9852573
NA
9933475
NA
44187362
NA
1893730
NA
5328940
45265864
NA
NA
NA
NA
NA
67503
NA
NA
5288382
NA
17096303
NA
NA
NA
NA
NA
NA
NA
NA
46930999
NA
NA
NA
NA
2780200
NA
NA
156414
NA
NA
NA
NA
NA
NA
NA
5311
NA
NA
NA
NA
9933475
NA
NA
NA
5328940
NA
NA
NA
NA
NA
NA
NA
7171911
NA
NA
9549297
NA
NA
NA
NA
NA
NA
NA
NA
NA
NA
NA
NA
6445533
NA
NA
NA
176870
444795
NA
998078
29938005
NA
5311
NA
9852573
NA
1893730
NA
5328940
45265864
NA
NA
NA
NA
NA
5288382
NA
824405
NA
NA
NA
7171911
NA
NA
NA
NA
NA
NA
NA
NA
NA
NA
9865515
NA
NA
NA
NA
5280961
NA
156414
NA
5277135
NA
NA
NA
NA
NA
NA
44607360
NA
44219749
4261
NA
NA
NA
906542
NA
9852573
9977819
NA
NA
3038525
NA
NA
NA
NA
9949641
NA
45265864
NA
NA
NA
NA
NA
NA
NA
5288382
824405
119584
NA
NA
NA
NA
NA
9549297
NA
NA
NA
NA
NA
46930999
NA
NA
9865515
NA
NA
NA
NA
8671
129689544
NA
NA
NA
NA
NA
NA
NA
NA
NA
44607360
21904636
NA
NA
4261
NA
906542
NA
9852573
NA
9977819
NA
NA
9933475
44187362
NA
NA
1893730
5284616
NA
5328940
6456015
NA
NA
NA
NA
NA
NA
NA
NA
NA
NA
67503
NA
NA
824405
17096303
NA
7171911
NA
NA
NA
NA
NA
NA
NA
NA
NA
46930999
NA
NA
NA
NA
NA
NA
NA
NA
NA
NA
NA
NA
156414
NA
NA
6445533
NA
NA
NA
NA
NA
NA
NA
NA
NA
29938005
NA
NA
906542
5311
NA
NA
11609586
NA
NA
NA
NA
9949641
NA
5328940
45265864
NA
NA
NA
NA
NA
NA
NA
NA
NA
5288382
NA
824405
NA
NA
NA
NA
NA
312145
NA
NA
NA
NA
NA
NA
NA
NA
NA
46930999
NA
NA
NA
NA
NA
NA
21906039
2780200
NA
8671
NA
NA
NA
NA
NA
NA
NA
156414
NA
NA
NA
NA
NA
123631
NA
11717001
NA
NA
NA
9888590
NA
444795
11525740
NA
NA
44219749
998078
4261
NA
NA
460747
NA
NA
NA
NA
9933475
NA
9949641
NA
11485656
70211
6456015
NA
NA
NA
NA
NA
NA
NA
NA
NA
NA
NA
5288382
NA
NA
NA
17096303
NA
NA
312145
NA
NA
NA
NA
NA
9549297
NA
NA
NA
NA
2780200
NA
NA
NA
NA
NA
NA
NA
6445533
NA
NA
NA
NA
NA
NA
NA
9888590
NA
NA
44607360
NA
998078
4261
NA
NA
5311
11609586
9852573
NA
NA
NA
NA
9949641
NA
5328940
6456015
NA
NA
NA
NA
NA
NA
NA
67503
NA
NA
NA
NA
17096303
NA
NA
NA
NA
NA
NA
NA
NA
NA
NA
NA
NA
NA
NA
NA
NA
NA
NA
NA
NA
NA
NA
NA
9865515
NA
NA
NA
NA
NA
2780200
NA
8671
NA
NA
129689544
NA
NA
NA
NA
NA
NA
NA
NA
NA
5277135
NA
NA
NA
6445533
NA
NA
NA
NA
NA
NA
NA
NA
NA
NA
444795
44607530
NA
44607360
NA
NA
5282379
29938005
4261
NA
5311
NA
NA
12617363
NA
9977819
NA
NA
NA
NA
NA
NA
NA
5284616
NA
6456015
NA
NA
NA
NA
NA
NA
2780200
NA
460747
906542
NA
NA
NA
NA
NA
NA
NA
NA
NA
NA
9865515
NA
NA
NA
8671
NA
NA
NA
NA
NA
NA
9888590
44219749
12617363
NA
NA
9933475
NA
70211
6456015
NA
NA
NA
NA
17096303
NA
NA
NA
NA
NA
NA
2815576
NA
NA
NA
NA
6918223
10341154
NA
NA
NA
78530
NA
NA
NA
9865515
NA
NA
NA
11234052
NA
2780200
8671
NA
NA
NA
NA
NA
NA
NA
NA
NA
5277135
6445533
NA
NA
NA
NA
NA
NA
NA
11717001
NA
NA
NA
10074640
NA
44219749
5283731
29938005
NA
460747
NA
906542
5311
NA
NA
NA
9933475
NA
NA
9949641
5328940
6456015
NA
NA
NA
NA
5288382
NA
NA
824405
NA
17096303
NA
312145
NA
NA
NA
NA
NA
NA
NA
46930999
NA
9865515
NA
NA
NA
NA
NA
156414
NA
NA
NA
NA
NA
NA
NA
NA
4261
NA
NA
906542
NA
NA
9852573
NA
NA
NA
5288382
NA
NA
NA
NA
NA
NA
46930999
NA
NA
NA
NA
NA
2780200
8671
NA
NA
NA
NA
NA
6445533
NA
NA
NA
NA
998078
4261
NA
NA
9977819
NA
NA
NA
NA
NA
NA
NA
NA
NA
NA
NA
NA
NA
NA
NA
7171911
NA
NA
NA
NA
NA
NA
NA
NA
9549297
NA
NA
NA
NA
9865515
NA
NA
11234052
NA
2726279
NA
NA
NA
NA
NA
5280961
NA
NA
NA
NA
NA
NA
NA
NA
123631
NA
NA
NA
176870
10074640
44607360
21904636
11525740
NA
4261
NA
NA
NA
9852573
NA
NA
1893730
5284616
NA
45265864
NA
NA
NA
NA
NA
NA
67503
NA
5288382
NA
9907093
NA
NA
NA
NA
312145
NA
NA
NA
NA
NA
9549297
NA
NA
6918223
NA
NA
NA
NA
NA
NA
NA
NA
NA
NA
NA
NA
NA
NA
NA
NA
NA
NA
123631
NA
NA
NA
NA
NA
NA
NA
NA
444795
44607360
NA
44219749
5283731
998078
29938005
NA
NA
NA
24798764
11609586
NA
NA
9933475
NA
NA
NA
NA
9949641
5328940
45265864
NA
NA
NA
NA
NA
NA
NA
NA
NA
17096303
NA
NA
NA
312145
NA
NA
NA
NA
NA
10341154
NA
46930999
9865515
NA
NA
NA
2780200
8671
NA
NA
NA
5280961
NA
NA
NA
NA
NA
NA
NA
NA
NA
NA
11717001
NA
NA
NA
NA
44607360
44219749
998078
NA
460747
5311
11609586
NA
9852573
9933475
NA
44187362
NA
5328940
6456015
NA
NA
NA
NA
NA
9782
5405
NA
6278000
NA
NA
5354
15560557
3352
47936
9578507
5388992
NA
457193
73384
65335
379077
NA
NA
19529
9703
NA
33630
54454
5186
NA
3032818
5281691
62878
5564
6714002
10607
NA
3749
262093
5311
46782916
5505
NA
NA
5281078
10461815
5770
2179
NA
5288382
NA
32798
5755
4211
5354
8362
5284613
NA
NA
NA
6321424
3000
15209
6605258
47936
54676228
9578507
82153
NA
NA
439501
22565
60198
5754
312145
NA
NA
39147
NA
65335
NA
2662
10410894
2950
33630
22752
5707
54454
5288209
NA
2708
3032818
9830392
62878
NA
6714002
10607
4622
NA
NA
446155
2754
262093
5002
NA
2082
62853
5311
46782916
4993
NA
5546
NA
10461815
386331
941651
666418
5284613
15560557
NA
5186
5311
NA
5288382
4891
32798
36314
443958
NA
150311
15560557
NA
NA
457193
312145
NA
NA
NA
NA
5311339
NA
5186
5288209
NA
62878
2471
NA
2391
680502
10607
4622
NA
107935
446155
NA
5311
46782916
5282455
NA
NA
3392731
5355
NA
NA
5284613
15560557
3352
6605258
9578507
NA
NA
439501
NA
4748
4122
NA
3151
10607
NA
54900
5311
46782916
NA
2179
5405
5355
NA
NA
5354
5388992
NA
439501
65495
457193
312145
NA
NA
3151
5074
11644425
10607
NA
4210951
2082
5311
NA
NA
10461815
5770
3392731
5152
9324
6540478
9915886
47472
NA
10041070
36314
4211
NA
40854
8362
5284613
NA
15560557
6321424
NA
6605258
47936
NA
54676228
9578507
5388992
NA
NA
439501
312145
73384
104741
NA
53232
33630
NA
NA
4764
54454
5186
NA
3476
62878
5564
2733525
NA
10607
4622
NA
NA
107935
446155
NA
NA
6855
3001055
NA
NA
2082
62853
5311
46782916
4993
NA
110635
NA
10461815
666418
2179
5152
9324
NA
5405
91503
107751
NA
5355
9915886
NA
NA
2081
6518171
4236
2581
NA
4679
4233538
442872
NA
NA
NA
5354
8362
448222
NA
NA
5280441
NA
15560557
6321424
NA
3352
6605258
9578507
31728
NA
NA
439501
446738
NA
57363
NA
104741
NA
15459
NA
56959
379077
NA
NA
NA
3365
10410894
5353919
5281542
9860529
5453
4748
4122
NA
4764
NA
5707
54454
5186
657348
NA
3032818
9830392
5312129
2391
15376
11644425
NA
3324
NA
15443
6714002
NA
5392
5316606
73333
NA
NA
688020
NA
NA
54900
262093
3058754
5002
445643
6855
NA
5430
2082
5311
NA
4993
5702144
NA
5281078
NA
110635
386331
3392731
9324
9915886
NA
36314
5354
5284613
443872
15560557
6013
NA
5388992
60198
4748
4122
NA
5186
NA
5281691
NA
5564
11644425
10607
4622
NA
5311
46782916
NA
5281078
3392731
NA
5288382
6605258
439501
NA
73384
10410894
4764
73333
NA
NA
107935
NA
3392731
NA
5354
3000
439501
NA
33630
22752
5288209
5311
3392731
NA
312145
NA
NA
24721411
NA
5388992
119182
6450278
NA
NA
6604931
60837
NA
2722
3803
443375
5311412
443311
3611
43507
NA
5614
NA
NA
NA
4592
3218
NA
NA
25181195
NA
NA
24360
452548
24721411
5281004
NA
5284373
119182
NA
3033769
NA
60837
5311412
2064
3611
5282493
5281750
NA
16490
NA
107967
NA
9953769
9826308
NA
NA
NA
NA
25181195
NA
NA
NA
24360
452548
55245
5281004
54746
NA
NA
9943465
NA
NA
3803
5311412
3820
5614
NA
16490
101925
NA
6160690
NA
NA
NA
443943
253602
NA
493570
NA
5312531
15723
NA
312145
NA
NA
5288382
24360
452548
NA
NA
NA
NA
5282379
60837
2722
3611
162834
NA
64981
NA
442128
2435
5311
NA
NA
64715
NA
25181195
NA
NA
NA
204802
452548
NA
24721411
NA
NA
6604931
5614
NA
64981
667594
NA
NA
NA
10666
NA
NA
5312122
11784736
NA
NA
2775510
NA
5288382
24360
452548
NA
5388992
119182
9851211
NA
8515
NA
3803
443311
NA
1400
NA
34040
NA
NA
9953769
NA
NA
447446
NA
2775510
NA
5288382
NA
452548
NA
55245
24721411
5284373
5388992
2315
119182
NA
NA
5282379
6604931
60837
NA
3820
393595
3611
NA
5614
1400
NA
5265
5329098
NA
442128
9549305
NA
NA
NA
5311
NA
NA
NA
NA
NA
9826308
253602
5312122
NA
NA
25181195
NA
NA
5288382
24360
24721411
NA
6450278
NA
NA
5282379
6604931
2722
NA
443375
NA
5614
5353940
5265
9549305
NA
NA
NA
NA
NA
NA
253602
25181195
NA
NA
5388992
6604931
5614
NA
5329098
NA
5311
NA
253602
447446
NA
NA
5288382
28417
5311272
NA
5388992
119182
NA
23662025
8515
NA
5282379
60837
2722
NA
NA
2064
5723
NA
1400
5063
NA
NA
442128
5994
NA
6231
NA
5311
NA
NA
NA
NA
9826308
NA
5312122
447446
NA
NA
NA
3045227
5388992
9954082
6450278
NA
NA
6604931
NA
2722
NA
443375
5280934
NA
2064
NA
5614
1400
5329098
NA
NA
5311
4592
NA
NA
2125
NA
5281707
10219
5284373
11969542
441207
2724385
NA
481747
NA
9549298
3330
637858
NA
NA
NA
30323
6809654
NA
285033
5311
NA
9549289
10981286
NA
5743
36314
10219
NA
NA
6197
32798
NA
11969542
2724385
NA
NA
NA
5288600
14840979
NA
NA
9829523
NA
9549298
3330
NA
NA
84008
8569
6604893
NA
NA
NA
NA
30323
82153
5280723
NA
247839
3854666
9874838
NA
NA
9867770
6506063
2733504
NA
NA
285033
NA
NA
2726
667476
NA
5743
NA
5288382
NA
10219
NA
NA
1236
32798
3408722
312145
11969542
441207
NA
NA
481747
761523
5288600
NA
NA
5284373
9829523
6769
3330
2756
637858
NA
NA
NA
72430
30323
NA
6450546
247839
442972
5392245
NA
NA
9867770
NA
NA
NA
285033
NA
2726
NA
9549289
667476
4878
10981286
5288382
NA
6197
441207
54677973
NA
14840979
NA
NA
NA
9829523
4879
447912
NA
NA
NA
NA
30323
NA
442972
462382
2733504
NA
5289501
5311
3108
4878
NA
NA
6917680
10219
176155
NA
NA
NA
6197
1236
312145
441207
2724385
48229
6604009
NA
NA
NA
5288600
NA
NA
114771
5284373
9829523
9549298
19675
3671
NA
NA
6604936
637858
1456
NA
NA
NA
3033832
NA
2818
NA
5280723
NA
6809654
462382
4668801
5712
NA
2733504
NA
285033
NA
176408
NA
NA
2726
667639
NA
5743
NA
36314
10219
NA
176155
5284373
NA
6197
11969542
48229
NA
481747
NA
NA
5288600
NA
NA
5284373
9829523
9549298
3330
30323
3641059
NA
462382
65327
9874838
NA
285033
5311
NA
104895
5282138
NA
NA
36314
6197
5353454
3408722
11969542
5312126
2724385
NA
NA
NA
125519
NA
NA
NA
NA
NA
NA
6769
NA
NA
9549298
3330
84008
6450842
NA
637858
73364
NA
NA
3033832
NA
NA
NA
462382
NA
5497124
2733504
6755
4521392
5289501
NA
NA
285033
NA
5311
NA
NA
NA
667476
4878
NA
NA
5284373
1236
54697674
312145
11969542
NA
156391
2724385
NA
761523
114771
NA
3330
NA
4879
NA
637858
445154
NA
NA
3033832
NA
NA
NA
5712
NA
9874838
6435901
2733504
285033
NA
NA
5311
NA
NA
NA
4878
5288382
NA
NA
14840979
NA
9829523
NA
NA
NA
NA
NA
NA
NA
NA
NA
NA
6809654
5497124
439654
2733504
NA
11213569
3038
667639
9549289
NA
NA
10219
5284373
6197
126969958
2724385
1547484
5288600
NA
9829523
NA
30323
82153
462382
285033
NA
10219
5284373
2264
5311390
6197
5353454
11969542
441207
NA
NA
481747
54682505
NA
NA
9549298
4879
637858
NA
NA
30323
NA
28693
462382
NA
NA
3899
10748
5311
9549289
NA
NA
NA
NA
31703
NA
441853
5284616
54676478
NA
NA
18721
NA
5281222
NA
753704
NA
667639
446541
NA
NA
NA
4713
9547215
5311432
9872438
NA
31307
4030
5311
6185
9929138
5280343
7251185
NA
348482
NA
31703
312145
15209
NA
6419753
47936
19103
NA
NA
NA
NA
NA
446541
4477
6197
9782
3006531
63306
NA
9547215
5327091
5311432
11292680
4030
5311
NA
5288382
NA
348482
NA
5284373
NA
441853
312145
15209
3546
6453092
60785
19103
5662
NA
NA
753704
5503
NA
NA
NA
NA
NA
5280343
NA
NA
NA
348482
NA
72301
441853
NA
NA
5281222
NA
NA
NA
3371
NA
5311432
4912
4055
5311
5702295
NA
5284373
5284616
16362
6453092
5311371
NA
NA
6084
2603
5281222
NA
3006531
NA
16759163
667639
6711154
4477
6197
NA
3006531
NA
NA
9547215
4030
4055
5311
1550607
NA
5280343
NA
NA
NA
441853
312145
5284616
2750
16362
NA
NA
5311371
NA
19103
NA
2603
NA
NA
NA
2777391
NA
3006531
NA
NA
11292680
3396
4030
5311
441358
NA
9929138
NA
5288382
NA
16362
NA
6453092
1103147
NA
47936
NA
18721
19103
2603
5281222
3006531
16759163
NA
446541
6711154
5326713
6197
55245
5281847
2733484
3334
NA
5311432
11292680
4030
441358
5353593
9929138
155434
NA
439501
31703
312145
16362
NA
19103
NA
NA
5281222
667639
NA
4355450
4477
6197
NA
132519
9547215
5327091
5311432
47936
4030
4055
6185
NA
11957594
NA
NA
57363
NA
2603
5281222
3971
NA
NA
NA
656765
4477
6197
NA
3006531
3334
NA
4912
6736
47936
4030
4055
5311
4485
5280343
NA
NA
439501
31703
NA
18721
6084
NA
NA
6197
NA
9547215
5081913
65399
6185
NA
NA
NA
5284616
NA
NA
NA
2769
6419753
47936
3006531
5311242
2061047
4477
5281847
NA
NA
9547215
5327091
5311432
3019
11292680
3396
65399
6185
5702295
NA
NA
NA
NA
312145
NA
NA
NA
NA
NA
NA
NA
NA
NA
NA
NA
NA
NA
NA
NA
NA
NA
NA
NA
NA
NA
NA
NA
NA
NA
NA
NA
NA
NA
NA
NA
NA
NA
NA
NA
NA
5311
NA
NA
NA
NA
NA
NA
NA
NA
NA
NA
NA
NA
NA
NA
NA
NA
NA
NA
NA
NA
NA
NA
NA
NA
NA
NA
NA
NA
NA
NA
NA
NA
NA
NA
NA
NA
NA
NA
NA
NA
NA
NA
312145
NA
NA
NA
NA
NA
5311
NA
NA
5288382
NA
NA
NA
312145
NA
NA
NA
NA
NA
NA
NA
NA
NA
NA
NA
NA
NA
NA
NA
NA
NA
NA
NA
NA
NA
NA
NA
NA
NA
NA
NA
NA
NA
NA
NA
NA
NA
NA
NA
NA
NA
NA
NA
NA
5288382
NA
NA
NA
NA
NA
NA
NA
NA
NA
NA
NA
NA
NA
NA
NA
NA
NA
NA
NA
NA
NA
NA
NA
NA
NA
NA
NA
NA
NA
NA
NA
NA
NA
NA
NA
NA
NA
NA
NA
NA
NA
NA
NA
NA
NA
5311
NA
NA
NA
5288382
NA
NA
NA
NA
NA
NA
NA
NA
NA
NA
NA
NA
NA
NA
NA
NA
NA
NA
NA
NA
NA
NA
NA
NA
NA
NA
5311
NA
NA
NA
NA
NA
NA
NA
NA
NA
NA
NA
NA
NA
NA
NA
NA
NA
NA
NA
NA
NA
NA
NA
NA
NA
NA
NA
NA
NA
NA
NA
NA
NA
NA
NA
NA
NA
NA
NA
NA
NA
NA
NA
NA
NA
NA
NA
NA
NA
NA
NA
NA
NA
NA
NA
NA
NA
NA
NA
NA
NA
NA
NA
NA
NA
NA
NA
NA
NA
NA
NA
NA
NA
NA
NA
NA
NA
NA
NA
NA
NA
NA
NA
NA
NA
NA
NA
NA
NA
NA
NA
NA
NA
NA
NA
NA
NA
NA
NA
NA
NA
NA
NA
NA
NA
NA
NA
NA
NA
NA
NA
NA
NA
NA
NA
NA
NA
NA
NA
NA
NA
NA
NA
NA
NA
NA
NA
NA
NA
NA
NA
NA
NA
NA
NA
NA
NA
NA
NA
NA
NA
NA
NA
NA
NA
NA
NA
NA
NA
NA
NA
NA
NA
NA
NA
NA
NA
NA
NA
NA
NA
NA
NA
NA
NA
NA
NA
NA
NA
NA
NA
NA
NA
NA
NA
NA
NA
NA
5288382
NA
NA
NA
NA
NA
NA
NA
NA
NA
NA
NA
NA
NA
NA
NA
NA
NA
NA
NA
NA
NA
NA
NA
NA
NA
NA
NA
NA
NA
NA
NA
NA
NA
NA
NA
5311
NA
NA
NA
NA
NA
312145
NA
NA
NA
NA
NA
NA
NA
NA
NA
NA
NA
NA
NA
NA
NA
NA
NA
NA
NA
NA
NA
NA
NA
NA
NA
NA
5311
NA
NA
NA
NA
NA
NA
NA
NA
NA
5959
2724385
NA
NA
NA
NA
NA
NA
NA
NA
3454
2708
NA
10607
NA
NA
NA
NA
NA
NA
NA
NA
NA
5311
NA
5282494
5281004
5959
5381226
NA
3365
NA
NA
NA
NA
NA
NA
NA
5743
NA
NA
NA
68539
NA
NA
NA
657237
2554
5754
NA
4030
NA
92913
5546
NA
6215
4086
NA
NA
NA
NA
NA
NA
NA
NA
NA
NA
NA
NA
10607
28417
NA
NA
NA
NA
NA
5311
NA
5833
36431
6215
NA
667484
4768
23704143
NA
5311
6215
NA
5959
43815
4768
2724385
NA
NA
NA
NA
NA
2471
3696
68539
NA
NA
5282379
NA
5311
NA
NA
NA
NA
NA
NA
NA
2726
20279
NA
5288382
NA
NA
443953
NA
NA
2724385
312145
5790
NA
NA
NA
NA
NA
23704143
NA
3059
3033832
2265
NA
40692
NA
10607
68539
NA
3278
54900
NA
5282379
NA
4030
NA
NA
3108
92913
43672
667490
18283
NA
NA
NA
NA
2724385
NA
NA
NA
NA
40692
NA
NA
3278
NA
4030
2733525
NA
62978
NA
5282494
4583
3246155
NA
4932
443953
NA
NA
5284607
4768
2724385
NA
NA
NA
54671203
NA
NA
4201
NA
23704143
3059
2478
2708
3488
NA
NA
10607
NA
68539
NA
2123
NA
NA
NA
5311
NA
NA
92913
667490
NA
41022
NA
NA
NA
312145
NA
NA
NA
NA
NA
NA
NA
NA
NA
NA
NA
3488
40692
10607
NA
NA
NA
NA
54900
657237
21704
NA
NA
5311
NA
NA
NA
4911
NA
41022
5403
5959
4634
312145
NA
2315
5790
4723
NA
NA
NA
NA
NA
NA
NA
NA
NA
NA
23704143
3647
NA
10607
NA
NA
NA
247839
NA
NA
2955
3278
NA
2554
NA
4030
2082
5311
4205
NA
NA
4993
5833
NA
6230
NA
NA
4086
5288382
4583
NA
NA
NA
NA
2724385
312145
6013
181458
NA
NA
NA
NA
NA
NA
NA
NA
NA
NA
NA
23704143
NA
2265
NA
3696
28417
NA
NA
NA
NA
657237
2554
NA
NA
NA
43672
2726
5833
NA
6230
20279
NA
54765
NA
NA
NA
NA
NA
4417
3308
6167
90010
5282379
NA
6321424
4477
NA
36462
3634
3278
19604
NA
68844
NA
4030
5311
NA
NA
NA
107952
3039995
NA
62969
NA
NA
2717
4528
54684459
4883
4922
4170
11368
NA
68624
65324
65329
91725
9782
NA
NA
6419995
NA
92178
3335
6321424
NA
NA
5215
NA
3117
68385
NA
55245
15432
36462
3074
3634
NA
NA
108013
2794
126941
NA
NA
3278
4912
NA
NA
2724387
NA
5311
3108
36314
4848
66064
NA
NA
NA
11391
NA
444
NA
NA
NA
NA
NA
NA
312145
6167
4122
2812
2265
4477
NA
36462
9552079
NA
2724387
5905
NA
4030
2082
4993
4485
4236
5288382
7251185
NA
60837
3561
53232
NA
5337997
3879
2391
14842
10607
123631
8478
NA
5282181
5479
5284513
NA
3276
107751
NA
5288382
42574
441398
6081
NA
6135
NA
7251185
NA
60837
NA
NA
3561
247839
NA
NA
NA
5337997
NA
2391
NA
14842
5585
21871605
176870
NA
5311
NA
NA
5591
5288382
NA
16129666
6135
312145
4499
NA
5284373
53232
NA
2482
3879
2724385
14842
10607
60149
8478
6323497
3957
NA
NA
4369270
3759
5288783
NA
5288382
NA
3475
5468
312145
NA
5353980
5478883
NA
9642
6473883
16684434
60149
NA
NA
6420019
NA
3759
4911
5288382
40854
NA
NA
312145
26596
6604471
6256
5280445
5284613
60750
NA
2708
NA
5770
NA
68617
3005573
NA
60934
60795
3396
5311
35802
20279
6839
NA
71172
NA
3418
6215
5280723
NA
68591
NA
65999
5311
NA
6323490
5280445
5284613
54454
5311
54680693
2585
5288382
NA
4919
9865387
5284613
4100
3418
NA
2796
NA
15478
NA
12035
NA
130881
3033637
11640390
NA
NA
11707110
9956222
11977753
NA
NA
9549289
11465183
11465183
11465183
6918454
6918454
25254071
9915743
6445562
6323491
NA
25254071
NA
24180719
NA
11234052
NA
160355
16666708
51358113
51358113
5288382
44551660
44551660
11626560
NA
11707110
42642645
24180719
5494449
5494449
4212
24180719
NA
NA
16725726
NA
9549289
9915743
23582824
11707110
16654980
16666708
644215
265237
11626560
NA
11977753
6918454
9826528
16725726
9549289
644215
644215
644215
16750408
NA
10461815
16666708
42642645
9886808
265237
9956222
176870
9826528
9826528
NA
23582824
NA
10109823
42611257
42642645
NA
11465183
25062766
NA
9915743
6918454
56649450
3062316
9915743
11327430
11754511
6918454
9874913
NA
4212
23582824
42642645
5288382
4212
6323491
644241
16750408
10109823
11640390
11640390
644241
56649450
11977753
9956222
NA
NA
NA
NA
11640390
9549289
11626560
6918454
NA
16654980
16722836
NA
NA
10109823
5494449
25195294
160355
51358113
51358113
51358113
51358113
11977753
176167
51358113
NA
6445562
44551660
NA
NA
9826528
42642645
25126798
NA
NA
16654980
NA
9826528
3062316
265237
6445562
10461815
4212
NA
11497983
644215
6323491
11977753
9886808
5494449
NA
11598628
25254071
23582824
16750408
NA
6918454
11497983
6445562
9886808
11497983
4212
3062316
11497983
6445562
42642645
644241
5288382
10461815
6852167
25062766
NA
5288382
11626560
42611257
25254071
644215
16725726
265237
11497983
NA
23725625
9869779
NA
NA
9826528
NA
11167602
5166
9914412
49806720
46215815
46215815
11712649
6419753
NA
11960529
23582824
46215815
5284616
23582824
3062316
11612883
11717001
9869779
NA
10077147
NA
NA
24826799
44462760
44462760
23582824
44462760
NA
NA
23582824
3062316
3062316
3062316
25227462
11960529
NA
NA
11364421
46911863
44462760
176155
25227462
46215815
644215
10302451
644215
5924208
11656518
25227462
10302451
NA
NA
5329102
5924208
NA
25227462
644215
11364421
5329102
644215
NA
6505803
11712649
46215815
NA
10302451
3038525
49806720
10302451
25227462
NA
4212
3038525
5311
NA
25227462
NA
11712649
NA
3062316
11364421
NA
NA
NA
9826528
23725625
NA
NA
NA
NA
NA
4212
NA
5166
NA
5166
9914412
NA
24901704
NA
25227462
NA
NA
NA
11167602
5329102
NA
NA
23582824
5329102
8515
NA
11612883
11717001
46215815
23582824
9869779
11717001
NA
5329102
NA
10077147
644215
11717001
NA
5329102
11717001
5329102
NA
NA
6419753
3062316
3062316
6419753
11717001
25227462
NA
72311
11712649
NA
5166
6419753
24826799
24826799
NA
NA
49806720
25227462
11712649
25227462
11712649
3062316
NA
10302451
644215
3062316
NA
NA
10302451
644215
23582824
NA
9914412
44462760
11364421
NA
11364421
11373846
23582824
9826528
NA
11712649
9914412
11609586
44462760
23582824
5329102
NA
23582824
11707110
11707110
25062766
10109823
25126798
NA
5288382
NA
176870
176870
11977753
11977753
11977753
11977753
NA
NA
11465183
6918454
16725726
16722836
25254071
6323491
6323491
6918454
24180719
23582824
NA
25254071
51358113
NA
51358113
51358113
6445562
6445562
44137675
44137675
44137675
16666708
NA
NA
NA
NA
9956222
42642645
NA
11465183
42642645
9826528
NA
16666708
16666708
16666708
25254071
6323491
160355
9915743
644215
25195294
644215
6323491
16725726
NA
16725726
56649450
5288382
11465183
6445562
9826528
6852167
11598628
NA
6445562
11327430
NA
11327430
16654980
23582824
6445562
3062316
51358113
176167
644241
6323491
9886808
25254071
11465183
644241
10109823
51358113
16666708
9915743
3062316
11234052
4212
6445562
23582824
4212
5288382
9874913
11598628
11977753
16750408
9886808
9915743
6918454
NA
9826528
9826528
NA
NA
11656518
NA
11656518
46215815
23582824
23582824
NA
9869779
11656518
644215
NA
44462760
44462760
24901704
NA
3062316
3062316
176155
5329102
NA
11612883
NA
11364421
25227462
NA
24826799
24826799
25227462
9826528
5284616
NA
NA
644215
49806720
44462760
NA
4212
25227462
3062316
25227462
NA
11609586
NA
NA
NA
NA
11167602
11167602
NA
NA
NA
5166
9914412
9914412
24826799
NA
23582824
9826528
5329102
5329102
NA
NA
23582824
25227462
11717001
11717001
NA
NA
10077147
11373846
25227462
NA
NA
44462760
44462760
11373846
44462760
44462760
NA
NA
NA
11364421
176155
176155
11717001
5311
11167602
11712649
25227462
24826799
5329102
644215
10077147
NA
11712649
23582824
24826799
NA
9826528
3062316
25227462
25227462
11656518
11656518
23582824
11364421
23582824
11152667
11364421
44462760
NA
NA
23582824
NA
NA
11960529
46215815
NA
11707110
11707110
25062766
25062766
10109823
10109823
11640390
5288382
644241
9956222
9956222
11707110
11977753
11977753
NA
NA
9549289
11754511
16654980
9956222
6918454
16722836
11626560
6323491
6323491
NA
6323491
265237
51358113
11977753
9549297
9549289
16722836
51358113
5288382
56649450
6852167
160355
6445562
NA
6323491
56649450
9826528
16722836
44137675
16654980
9907093
9886808
NA
NA
25062766
6918454
6852167
25254071
9549289
16654980
25195294
16725726
16725726
176167
644215
644215
5288382
51358113
644215
9886808
11626560
23582824
11598628
23582824
23582824
NA
5494449
9915743
44137675
25254071
NA
16725726
9874913
16666708
11707110
11626560
3062316
56649450
42611257
644215
9886808
9915743
11327430
NA
25195294
NA
9915743
25195294
9915743
NA
NA
NA
9826528
NA
11167602
NA
11717001
46215815
11656518
NA
23582824
5329102
5329102
5329102
24901704
49806720
NA
NA
NA
NA
5329102
11612883
23582824
10077147
NA
11656518
NA
44462760
NA
NA
NA
3062316
3062316
9914412
44462760
23725625
44462760
NA
644215
72311
10302451
24826799
644215
NA
11152667
11712649
25227462
46215815
5311
25227462
10302451
NA
24826799
10302451
25227462
NA
NA
4212
72311
644215
11656518
3062316
6505803
NA
23582824
23725625
NA
NA
NA
NA
NA
NA
24826799
11656518
5329102
9826528
11612883
23582824
11717001
11364421
11656518
9914412
24901704
5329102
NA
11373846
NA
10302451
5329102
5311
44462760
NA
3062316
176155
NA
9826528
NA
NA
NA
NA
23582824
24826799
46911863
23582824
NA
NA
644215
11364421
11152667
NA
25227462
25227462
25227462
4212
NA
NA
NA
NA
25227462
NA
44462760
NA
46215815
NA
NA
644215
11364421
NA
11373846
10077147
11656518
25126798
NA
5288382
9956222
11977753
5288382
56649450
NA
16722836
25254071
25254071
6852167
51358113
6323491
6323491
56649450
16750408
44137675
16750408
265237
51358113
51358113
10109823
6445562
644215
NA
NA
9886808
11754511
6323491
9549297
16654980
16654980
6852167
11327430
10461815
25195294
NA
9886808
NA
9886808
6323491
16666708
6445562
NA
11598628
9915743
3062316
NA
NA
23582824
3062316
4212
NA
6445562
10109823
9826528
9907093
9886808
NA
6918454
644215
16666708
25195294
3062316
NA
11626560
25062766
11707110
4212
265237
16725726
16654980
9915743
25254071
NA
42642645
NA
44137675
644215
NA
NA
11656518
11656518
24826799
11717001
5329102
6505803
11717001
25227462
NA
NA
NA
44462760
11656518
23582824
23582824
3062316
3062316
11364421
11373846
9826528
49806720
NA
5284616
11656518
5924208
644215
11609586
9914412
23582824
NA
46215815
11712649
11364421
23725625
3062316
25227462
25227462
11712649
5329102
11373846
11656518
10302451
23582824
5329102
11612883
644215
11640390
11640390
25126798
10109823
NA
NA
NA
NA
11465183
6918454
NA
25254071
6852167
6323491
6323491
644215
51358113
25195294
23582824
56649450
51358113
44551660
42642645
11977753
16666708
51358113
265237
11977753
9886808
16722836
11598628
3062316
NA
11640390
176870
NA
4212
4212
6918454
16750408
11327430
3062316
3062316
NA
9915743
11977753
9956222
11977753
NA
16750408
11465183
9915743
4212
6445562
9915743
6323491
42611257
176870
160355
NA
644215
4212
11977753
6445562
16654980
4212
3062316
10109823
11626560
9826528
5494449
NA
9826528
9826528
NA
5166
9826528
3062316
25227462
11656518
11373846
46215815
11656518
5329102
44462760
5329102
10302451
5329102
5329102
NA
23725625
46215815
NA
11717001
11717001
9826528
49806720
NA
NA
NA
NA
10077147
NA
NA
NA
44462760
25227462
644215
5924208
11717001
NA
3062316
NA
NA
10302451
25227462
23582824
NA
176155
24826799
24826799
11712649
25227462
23725625
23582824
NA
NA
644215
NA
72311
644215
23582824
11656518
23582824
176155
11167602
NA
NA
11717001
5284616
NA
9826528
NA
NA
11656518
4212
11707110
11707110
NA
NA
NA
5288382
9956222
9956222
25126798
176870
11977753
11977753
11977753
11977753
NA
11754511
11465183
44137675
11465183
24180719
16722836
25254071
6323491
25254071
6323491
6918454
6323491
24180719
16750408
9826528
9549297
160355
51358113
51358113
6445562
6445562
11640390
6852167
16750408
4212
NA
NA
56649450
16750408
11640390
25254071
16666708
265237
44551660
265237
